9.374832113402522266e-06
1.933326765945582711e-05
1.966234949431086443e-05
1.331668934866057794e-05
8.434801197890966758e-07
5.504157885024068625e-06
1.815690231401759827e-05
1.964942094313005145e-05
1.657692732005407676e-05
3.148188014933729440e-06
2.129383451143584894e-06
1.540889735633844230e-05
1.950051347324185751e-05
1.845101458784820578e-05
6.545887717143073708e-06
2.028557837959169511e-07
1.185814867734801311e-05
1.953254235358606504e-05
1.949105324103674909e-05
1.077079212088553194e-05
1.597109315214644597e-07
8.136782021522164120e-06
1.922788627107205203e-05
1.980784073386680075e-05
1.473478533056085596e-05
1.598905965945528257e-06
4.299971256535723179e-06
1.738358484170781404e-05
1.957302402737393250e-05
1.731405100296510668e-05
4.173265644971768522e-06
1.308016368178982392e-06
1.429423722269719875e-05
1.952013164093664236e-05
1.891813369502530015e-05
7.924962260661671048e-06
-1.363769997294700654e-08
1.062551566292842648e-05
1.952736340382010230e-05
1.964756874372669874e-05
1.214507609784945545e-05
3.832671080487057260e-07
6.599975258533423393e-06
1.858400542173547568e-05
1.960693566999235072e-05
1.562452469446080718e-05
2.303104786433748863e-06
3.152171561850053612e-06
1.652234806467111865e-05
1.962973311735893533e-05
1.815813339034086474e-05
5.550201278837891350e-06
8.719163498960230888e-07
1.336452296480017380e-05
1.972857690934794195e-05
1.940936171166287333e-05
9.443202296446215612e-06
-8.361678132885448011e-08
9.140832086061628778e-06
1.916810167847941796e-05
1.949084661104340070e-05
1.317199946783397183e-05
6.823621609209736071e-07
5.172173648550422678e-06
1.788624213515273615e-05
1.954293668304707797e-05
1.658979944673017953e-05
3.297641137453056353e-06
2.270341891217603310e-06
1.567987278461084962e-05
1.977644326336193379e-05
1.886659156313267576e-05
6.972361866558351300e-06
4.284155018822065787e-07
1.199002034598566935e-05
1.961661219894984573e-05
1.948873043110939285e-05
1.073614531810262383e-05
8.606633541233093583e-09
7.795990133775191930e-06
1.888773785815466602e-05
1.955153288733596577e-05
1.446109734701243543e-05
1.417360016805073462e-06
4.103178779666615932e-06
1.730720779287006416e-05
1.960847225409487521e-05
1.747752172687943046e-05
4.366102913626589538e-06
1.327422883430158999e-06
1.430316318343258362e-05
1.960526840022984649e-05
1.902523694510470603e-05
8.129927627616923135e-06
5.568580326595061057e-08
1.058028415559937360e-05
1.952264966502146988e-05
1.966989522502658356e-05
1.224897136245417487e-05
4.879536028149896531e-07
6.702842921776533297e-06
1.872282903442887628e-05
1.971315268013897764e-05
1.576887997718092837e-05
2.332882109089971353e-06
2.997536726992860384e-06
1.630252287881840277e-05
1.947946091159108732e-05
1.793762880621823687e-05
5.373212818781637962e-06
5.689696648997232050e-07
1.295898758250003996e-05
1.953311286487907820e-05
1.928761769372982425e-05
9.505875744325575758e-06
1.244949440458864543e-08
9.291722464474487186e-06
1.945299743728968680e-05
1.979453081803583177e-05
1.366290324488838467e-05
1.018471818093870432e-06
5.352301557836247697e-06
1.803596679171673060e-05
1.960522091777051315e-05
1.663090214285241057e-05
3.272067827164812550e-06
2.079564795120770220e-06
1.535888941393983055e-05
1.955788588755132752e-05
1.860610058326721744e-05
6.775744569766350922e-06
2.469192493643436178e-07
1.182835957002996273e-05
1.960420818796105587e-05
1.953323096991702796e-05
1.089208669283164308e-05
4.487168587497103389e-08
7.697291197918499785e-06
1.889299521879908962e-05
1.956690564393396992e-05
1.459500871422773082e-05
1.533175128297282919e-06
4.065787187461911948e-06
1.727242103409565275e-05
1.963386765985877268e-05
1.758899834461059598e-05
4.540416754001439294e-06
1.478605627825868237e-06
1.450440340589785234e-05
1.977452393642847728e-05
