5.094826635979177442e-05
1.876332418825311325e-04
2.181552362571113554e-04
8.258869501632646237e-05
3.392486166299011234e-06
2.645267023304936839e-05
1.492584114744329089e-04
2.356570456879536479e-04
1.211451112569678648e-04
1.449193239624377301e-05
1.025467610189777516e-05
1.076520113964414403e-04
2.297036103992954189e-04
1.612998438407638407e-04
3.395293010565801590e-05
1.779394464526545003e-06
7.126748858244932666e-05
2.088780165317784569e-04
1.988529979431197009e-04
6.076528460885711688e-05
1.249742675222583935e-07
4.156826283254130025e-05
1.764161352488106179e-04
2.278780320061931763e-04
9.517606828180245155e-05
6.069098076068980939e-06
2.022846090647197843e-05
1.349538043506971524e-04
2.348589846319411464e-04
1.340680636528172203e-04
2.011778939283036626e-05
6.801984045787942964e-06
9.537813299552589514e-05
2.247889089792410688e-04
1.740081242455036338e-04
4.165569037290273912e-05
2.792092959143636032e-07
6.068254990100440386e-05
2.000736484671688717e-04
2.105853208676991138e-04
7.141650005987476991e-05
1.401177440217168589e-06
3.362705600855359783e-05
1.616083139153165536e-04
2.306260052736499222e-04
1.078201035650324258e-04
1.021655103839950584e-05
1.487692166425755100e-05
1.215111069490214528e-04
2.343337958855396636e-04
1.478684619805307359e-04
2.611826535323677565e-05
3.434813200684310875e-06
8.350470412222949488e-05
2.203034882834430108e-04
1.880241421770352419e-04
5.028571525184078427e-05
-1.245650159732231801e-07
5.113853588565791473e-05
1.869464523559764976e-04
2.170176188694095619e-04
8.258741191967362361e-05
3.845235104146501457e-06
2.673679451821017448e-05
1.481388450101570043e-04
2.334995458916214520e-04
1.208606597019167971e-04
1.461757354368994379e-05
9.901550529541300428e-06
1.084410607655621249e-04
2.333453568460610108e-04
1.626838655490213186e-04
3.321718161427298835e-05
1.403558267949732426e-06
7.183592580845090433e-05
2.096974908260268845e-04
1.982930001363946597e-04
6.019288037893879276e-05
4.731497957788009717e-07
4.241588668235705370e-05
1.752212363132302502e-04
2.244554867975247399e-04
9.430587223704615257e-05
6.316278613776074683e-06
2.023404813293410735e-05
1.354233334756446889e-04
2.365194762909279250e-04
1.347132359703621018e-04
1.990133118369247789e-05
6.482166571373192901e-06
9.515393395502627421e-05
2.251469816866647812e-04
1.744720184022475053e-04
4.172669954683425086e-05
4.438661799483735306e-07
6.109083705437036980e-05
1.996934168303116412e-04
2.091983023630492153e-04
7.079579756350637030e-05
1.224396003304095295e-06
3.393742397345475689e-05
1.636474941996879547e-04
2.325079248257700174e-04
1.072835942409373233e-04
9.713409245321724724e-06
1.509315095461866729e-05
1.215264360787541090e-04
2.329291192312220554e-04
1.470885378226871544e-04
2.642239267165636229e-05
3.963740485236473872e-06
8.325725282797939708e-05
2.179451193642727126e-04
1.866462304061379909e-04
5.052346084831420547e-05
-2.628739284334784071e-07
5.092798809543084312e-05
1.893280956001458558e-04
2.201074064161790160e-04
8.253944862308863295e-05
3.183041409930342054e-06
2.677018566547380559e-05
1.490395741609353291e-04
2.337982103262261485e-04
1.201709556135279074e-04
1.449012153087804827e-05
1.063099407245263920e-05
1.088096905176559750e-04
2.306747728412746675e-04
1.604878955243417310e-04
3.313482224909840372e-05
1.550710420109610651e-06
7.203652615809117625e-05
2.109348396493626761e-04
1.993470674029686510e-04
6.014787523413632432e-05
2.441432869045300960e-07
4.214650349881849067e-05
1.749148092730771261e-04
2.246036125525468032e-04
9.456846036970495656e-05
6.474155306061761478e-06
2.049338185721405697e-05
1.354669815441750334e-04
2.355364110834638487e-04
1.339187679606693821e-04
1.960882673343804190e-05
6.364271733164888567e-06
9.629982805524844132e-05
2.281235792187181794e-04
