6.103774447721295337e-10
-1.104927343200794373e-08
-1.162532332459696530e-08
1.078887127208964254e-08
1.400935697924564591e-08
1.477991046144810464e-08
7.842532443003139101e-09
-2.227293494864004503e-09
2.053911849652031176e-08
2.807178383767204054e-08
2.847227827183421508e-08
2.569944600230437689e-08
1.098521623128633471e-08
2.829738525103147413e-08
4.178345428687951446e-08
4.213392519238283911e-08
4.193885232043618535e-08
2.780589741876729677e-08
3.500450288400393183e-08
5.454254961070134424e-08
5.599558307784426348e-08
5.676358427758614116e-08
4.655495747382253312e-08
4.257370838800719893e-08
6.568063436437709658e-08
7.005150252167261457e-08
7.072211331498511230e-08
6.524248017877472452e-08
5.309426913351138643e-08
7.476082938222100221e-08
8.405691868709401883e-08
8.436577453650987797e-08
8.260255516940894757e-08
6.756371888689335637e-08
8.202993459909326082e-08
9.753797700335097376e-08
9.807712152984621444e-08
9.834481395382563846e-08
8.522145798129201972e-08
8.877163113102442361e-08
1.098507791293034319e-07
1.120125623734177417e-07
1.128292520484921846e-07
1.041463006901779845e-07
9.707992657271251550e-08
1.203590918516633705e-07
1.260904045348786175e-07
1.266339818731418427e-07
1.225002917442163974e-07
1.088303124279172690e-07
1.287910461117333731e-07
1.399904682766563678e-07
1.402679180273173050e-07
1.393370810340803987e-07
1.244743489636589006e-07
1.357021700365390304e-07
1.531744545427754285e-07
1.540447433570906889e-07
1.546220059935592558e-07
1.427637288880144789e-07
1.426984297892574845e-07
1.649739532474156706e-07
1.680458497102300618e-07
1.688269740753211527e-07
1.616723920754610661e-07
1.519463545310542842e-07
1.748211435603696448e-07
1.821130611279024454e-07
1.825301580775285531e-07
1.795973417739735063e-07
1.649745477161793844e-07
1.826587774151503620e-07
1.958527014531996059e-07
1.961862462148580329e-07
1.959107811894224407e-07
1.816583870590293543e-07
1.893778601551984176e-07
2.086704501083224309e-07
2.100369892328937237e-07
2.107895035380349780e-07
2.003648145952088557e-07
1.968582112100843932e-07
2.198959483367732547e-07
2.240876571334530727e-07
2.247750450221450449e-07
2.190908420045915758e-07
2.072091385860153609e-07
2.290723946788506923e-07
2.381041423900595571e-07
2.384231661394760286e-07
2.365249578554838329e-07
2.215007569592062162e-07
2.364049455492108597e-07
2.516225287214152458e-07
2.521261733191405834e-07
2.523368760963103379e-07
2.390497874518421899e-07
2.431283468995406415e-07
2.640040553006726886e-07
2.660513139476964355e-07
2.668667867386561881e-07
2.579617474740372768e-07
2.513169633238853858e-07
2.746056991014065833e-07
2.801277570546960118e-07
2.806902902870867303e-07
2.763704391423764282e-07
2.628850101178787143e-07
2.831288194418863672e-07
2.940463674973605075e-07
2.943235824621864672e-07
2.932834894935979615e-07
2.783666003872490891e-07
2.900823159133022053e-07
3.072776285210179673e-07
3.080903839376404993e-07
3.086317174409618711e-07
2.965782724105717501e-07
2.970279604287548613e-07
3.191552096454624971e-07
3.220827143723388830e-07
3.228731901485568831e-07
3.155000406498387792e-07
3.061287450085127896e-07
3.290990489177343008e-07
3.361537285959971306e-07
3.365879871653422891e-07
3.334914968431840072e-07
3.189714442732417120e-07
3.370179257443273700e-07
3.499202868326360651e-07
3.502393057517782276e-07
3.498798338025475544e-07
3.355152898449424036e-07
3.437535049063136561e-07
3.627953508330670808e-07
3.640791523609365771e-07
3.648138198374412839e-07
3.541746517054585746e-07
3.511497419088200613e-07
3.741072683623273914e-07
3.781239730418945801e-07
3.788274855939102209e-07
3.729362445973345001e-07
3.613328591712322780e-07
3.833803127733322426e-07
3.921505670276410340e-07
3.924809560675656526e-07
3.904439595108922191e-07
3.754451670652244303e-07
