-4.992527750833360563e-11
-1.987014654942383564e-10
-4.433548738893931132e-10
-7.789920912136288686e-10
-1.198906411377373678e-09
-1.694701224149004369e-09
-2.256468133636357016e-09
-2.872979617052445390e-09
-3.531917832243296028e-09
-4.220119177190343912e-09
-4.923838640455214002e-09
-5.629025460734442902e-09
-6.321599392259371195e-09
-6.987736663718847402e-09
-7.614143618330028562e-09
-8.188322477921903092e-09
-8.698818527766781319e-09
-9.135449529953304930e-09
-9.489507873726576111e-09
-9.753934453053441914e-09
-9.923457405167621426e-09
-9.994696517888224478e-09
-9.966229266743861917e-09
-9.838626357889578005e-09
-9.614429109886989163e-09
-9.298109467922706886e-09
-8.895974482219058757e-09
-8.416043725360295238e-09
-7.867886925785638426e-09
-7.262439185010838119e-09
-6.611781257777970695e-09
-5.928893982811079151e-09
-5.227410088242732164e-09
-4.521330050226853202e-09
-3.824752693784138966e-09
-3.151590849466497594e-09
-2.515289837298966632e-09
-1.928562106592972818e-09
-1.403133588766308465e-09
-9.495023690150076880e-10
-5.767383535087440355e-10
-2.922924281606385384e-10
-1.018510557852097631e-10
-9.223992792568248454e-12
-1.626229814137150215e-11
-1.228252138025791237e-10
-3.267815783981949770e-10
-6.240554675377997101e-10
-1.008700106929926307e-09
-1.473028532991513674e-09
-2.007758591793173121e-09
-2.602203982237772038e-09
-3.244486705768540471e-09
-3.921773749884184942e-09
-4.620537197667447646e-09
-5.326824030836464865e-09
-6.026530577609138220e-09
-6.705689481367789042e-09
-7.350747379697801131e-09
-7.948831880161494029e-09
-8.488010660084718575e-09
-8.957528957865544080e-09
-9.348024244114670177e-09
-9.651707975207994704e-09
-9.862525132516077330e-09
-9.976272766110096374e-09
-9.990682187757284760e-09
-9.905467640483334403e-09
-9.722328923901492915e-09
-9.444913427914912168e-09
-9.078756154044311628e-09
-8.631157940547748793e-09
-8.111044502443200290e-09
-7.528789726665779965e-09
-6.896009482759784108e-09
-6.225328170537843136e-09
-5.530133352784956693e-09
-4.824299691806996358e-09
-4.121918338585772841e-09
-3.437016830359700658e-09
-2.783275353133406994e-09
-2.173752899658538560e-09
-1.620627159905202394e-09
-1.134954202475800780e-09
-7.264400709739775925e-10
-4.032519622583432510e-10
-1.718512151225097300e-10
-3.686325553081166801e-11
-9.885373775505545155e-13
-6.494397745339125093e-11
-2.274504346450742728e-10
-4.852599729683002066e-10
-8.332156382916838092e-10
-1.264361318261858461e-09
-1.770081490590558538e-09
-2.340267224632625691e-09
-2.963521966797190175e-09
-3.627395194836907594e-09
-4.318626169556787637e-09
-5.023407073568625186e-09
-5.727666344884607979e-09
-6.417343528678466783e-09
-7.078673216724261989e-09
-7.698458687467184197e-09
-8.264333833087634070e-09
-8.765009334590753369e-09
-9.190500661540696372e-09
-9.532321336671514337e-09
-9.783657015400840705e-09
-9.939495540594164495e-09
-9.996729936244620920e-09
-9.954218588093720616e-09
-9.812809881335149780e-09
-9.575322611620767581e-09
-9.246492266788404235e-09
-8.832874293582223313e-09
-8.342720101340187217e-09
-7.785803790273955463e-09
-7.173234137516172961e-09
-6.517231848044388709e-09
-5.830888832198100824e-09
-5.127905470821109738e-09
-4.422312936222882878e-09
-3.728199956004530116e-09
-3.059432104794293231e-09
-2.429365037531278726e-09
-1.850588015007954029e-09
-1.334667429412639345e-09
-8.919141597822296043e-10
-5.311783924361883349e-10
-2.596727141853876118e-10
-8.282368026418101124e-11
-4.168416753834728405e-12
-2.527989967758496846e-11
-1.457360568967022772e-10
-3.631276440977693113e-10
-6.731079240970478083e-10
-1.069480716339276231e-09
-1.544321969829494693e-09
-2.088140514052867142e-09
-2.690067688514522839e-09
-3.338075447002631551e-09
-4.019218897606877735e-09
-4.719892777175968477e-09
-5.426105697233610107e-09
-6.123756207430013351e-09
-6.798919360309764221e-09
-7.438120957227807254e-09
-8.028604928020101438e-09
-8.558592632738610799e-09
-9.017512275024317164e-09
-9.396211553763718771e-09
-9.687138204951043601e-09
-9.884493280517573306e-09
-9.984340402411581797e-09
-9.984688359490543095e-09
-9.885532708889842305e-09
-9.688849313674226808e-09
-9.398557992127306910e-09
-9.020447594898209167e-09
-8.562058874934377442e-09
-8.032532824239377900e-09
-7.442432353442991480e-09
-6.803529236247935110e-09
-6.128571868779363815e-09
-5.431030612662890060e-09
-4.724829203663577414e-09
-4.024067274595689524e-09
-3.342738435367829161e-09
-2.694452391995907443e-09
-2.092161306532342431e-09
-1.547897062208407352e-09
-1.072539830577301930e-09
-6.755890620379234182e-10
-3.649795108499937410e-10
-1.469231095433298887e-10
-2.577750051482389917e-11
-3.967276155665095699e-12
-8.192763525004581012e-11
-2.581005459557183442e-10
-5.289607971465289607e-10
-8.890955660787621709e-10
-1.331305594535400514e-09
-1.846749178029433398e-09
-2.425125332995160986e-09
-3.054875947128324271e-09
-3.723419433675341817e-09
-4.417402763026199696e-09
-5.122963995623707386e-09
-5.826015211660321963e-09
-6.512521805703916476e-09
-7.168781377426773130e-09
-7.781699997005475613e-09
-8.339047265939673227e-09
-8.829704713573916878e-09
-9.243887334483394929e-09
-9.573334227755729224e-09
-9.811477829743255305e-09
-9.953570131807853633e-09
-9.996777999961854225e-09
-9.940239114572538579e-09
-9.785081963252934007e-09
-9.534399991467658118e-09
-9.193190614118627605e-09
-8.768256664729877560e-09
-8.268073311457419476e-09
-7.702614987317513902e-09
-7.083165962595225663e-09
-6.422081439896998663e-09
-5.732554707654983611e-09
-5.028349558507986221e-09
-4.323523418056399679e-09
-3.632151281410695767e-09
-2.968040965959079604e-09
-2.344457653761159705e-09
-1.773861964483867297e-09
-1.267655500427865538e-09
-8.359560779675491865e-10
-4.873923460366467445e-10
-2.289329377888124994e-10
-6.574652036215241597e-11
-1.095368076779204818e-12
-3.627215258819870122e-11
-1.705742954415593409e-10
-4.013146713364142484e-10
-7.238823945926338192e-10
-1.131826425784584644e-09
-1.616990877163593552e-09
-2.169681418132737391e-09
-2.778850865818850284e-09
-3.432326377013226873e-09
-4.117056633003106437e-09
-4.819363669216170893e-09
-5.525221967897923092e-09
-6.220539368324593638e-09
-6.891438380912826642e-09
-7.524528413651745584e-09
-8.107178402431795221e-09
-8.627765611463357739e-09
-9.075904440804598569e-09
-9.442657462430823671e-09
-9.720712932870816809e-09
-9.904527772668192364e-09
-9.990433791235448768e-09
-9.976721091539751579e-09
-9.863661496116378233e-09
-9.653510970449418881e-09
-9.350457116389921572e-09
-8.960543643457387732e-09
-8.491546372527242601e-09
-7.952818341414374099e-09
-7.355106637681826926e-09
-6.710332678790596467e-09
-6.031364818210528449e-09
-5.331753994975538232e-09
-4.625465546219387121e-09
-3.926600316446689181e-09
-3.249115766803926336e-09
-2.606544055124582858e-09
-2.011721828981003484e-09
-1.476535164865627632e-09
-1.011681471037133423e-09
-6.264501715670120642e-10
-3.285445878580553118e-10
-1.239189662922244357e-10
-1.666599297645292362e-11
-8.929753985808052819e-12
-1.008643359431848380e-10
-2.906314026386051759e-10
-5.744377574300809273e-10
-9.466086505098142472e-10
-1.399704101177837880e-09
-1.924666724064765946e-09
-2.511005098271491635e-09
-3.147002178109459046e-09
-3.819953188306127429e-09
-4.516414828320376605e-09
-5.222477296826174484e-09
-5.924042576596391313e-09
-6.607107162251227573e-09
-7.258036912019372433e-09
-7.863842909241112604e-09
-8.412439552412973339e-09
-8.892882854289964296e-09
-9.295591575374535219e-09
-9.612535439817674434e-09
-9.837393059061243544e-09
-9.965682794395822734e-09
-9.994846161646502110e-09
-9.924302559187038182e-09
-9.755456941978744811e-09
-9.491676193608650933e-09
-9.138221069681497741e-09
-8.702138155430147205e-09
-8.192124964189910311e-09
-7.618353434504169288e-09
-6.992268385629416235e-09
-6.326362950923653621e-09
-5.633926950150281411e-09
-4.928781529291358510e-09
