-1.247717943505280154e-11
-4.965789783767437501e-11
-1.107999948682327893e-10
-1.946814808083300143e-10
-2.996296171292119274e-10
-4.235469678343024964e-10
-5.639574436925194223e-10
-7.180592127169095631e-10
-8.827741775206237744e-10
-1.054814416337798917e-09
-1.230743575334645361e-09
-1.407048358340122049e-09
-1.580209208783043468e-09
-1.746769174093663065e-09
-1.903402972053646331e-09
-2.046984441558911020e-09
-2.174647732982323342e-09
-2.283842238136250302e-09
-2.372389741667421160e-09
-2.438522791251357375e-09
-2.480921048302885194e-09
-2.498738147112236615e-09
-2.491618456561563522e-09
-2.459704956112215412e-09
-2.403632167611028617e-09
-2.324523126064450253e-09
-2.223953836721592583e-09
-2.103931868544708939e-09
-1.966854146995320776e-09
-1.815458082523417425e-09
-1.652765025017769843e-09
-1.482021698772327011e-09
-1.306637598484777387e-09
-1.130114105371050190e-09
-9.559766325056906749e-10
-7.877025292460109949e-10
-6.286503992949820926e-10
-4.819972947514040359e-10
-3.506718711922405904e-10
-2.372966304325829196e-10
-1.441350100470146787e-10
-7.304796446538843051e-11
-2.545397919126189958e-11
-2.305846736848259679e-12
-4.064413332090390208e-12
-3.069554969878480810e-11
-8.166631403113867686e-11
-1.559598961767583268e-10
-2.520925813015551183e-10
-3.681424265613720416e-10
-5.017936897481656677e-10
-6.503762092263950004e-10
-8.109231611730580606e-10
-9.802304324048620789e-10
-1.154914983463435987e-09
-1.331489973417056011e-09
-1.506431200881527317e-09
-1.676243343092672783e-09
-1.837538311882328029e-09
-1.987094424557119409e-09
-2.121927287783963759e-09
-2.239345131449404217e-09
-2.337003132776987364e-09
-2.412952893683238685e-09
-2.465679397333350366e-09
-2.494126857535323570e-09
-2.497730828534254559e-09
-2.476418003063942955e-09
-2.430615300024519887e-09
-2.361234314456284271e-09
-2.269662431810466406e-09
-2.157725265548364966e-09
-2.027657778521328671e-09
-1.882058036789048611e-09
-1.723830866018263737e-09
-1.556136152694476302e-09
-1.382320585565544687e-09
-1.205854849691854152e-09
-1.030262742560816058e-09
-8.590500882529774172e-10
-6.956346613500879885e-10
-5.432811595529615157e-10
-4.050307236927590390e-10
-2.836445941296947515e-10
-1.815479691001333342e-10
-1.007768922895628992e-10
-4.294735472865958422e-11
-9.212683682631000029e-12
-2.473867798773093527e-13
-1.623099614065233240e-11
-5.684423135762053951e-11
-1.212738462572587237e-10
-2.082342373777718325e-10
-3.159884466018335111e-10
-4.423853196606657973e-10
-5.849021172446952425e-10
-7.406899533916940815e-10
-9.066384189721353174e-10
-1.079436772051889577e-09
-1.255632099029044833e-09
-1.431706256971158348e-09
-1.604144536068446287e-09
-1.769504120138583659e-09
-1.924483758821852605e-09
-2.065989400808456999e-09
-2.191197201736744256e-09
-2.297606232723448582e-09
-2.383093006429459848e-09
-2.445952068686562644e-09
-2.484927502446547186e-09
-2.499242210298011116e-09
-2.488609021627905021e-09
-2.453242809525036620e-09
-2.393846556341040944e-09
-2.311608324464504288e-09
-2.208168338733111147e-09
-2.085591117555584569e-09
-1.946324679336555363e-09
-1.793148439791494067e-09
-1.629119695622900751e-09
-1.457513443899567518e-09
-1.281756546880872168e-09
-1.105357252028062968e-09
-9.318373373446339112e-10
-7.646616313876094846e-10
-6.071691488659621820e-10
-4.625054379293811653e-10
-3.335567449925654666e-10
-2.228995276372904645e-10
-1.327443129595046756e-10
-6.489147087153974039e-11
-2.069627703033983116e-11
-1.039226423876435850e-12
-6.313714519252408165e-12
-3.641715153346556495e-11
-9.074651956879049236e-11
-1.682165479680347808e-10
-2.672797062053210705e-10
-3.859579097835895698e-10
-5.218810923774197099e-10
-6.723350676018719204e-10
-8.343160550782564283e-10
-1.004587427932210875e-09
-1.179750596679200475e-09
-1.356308219071131153e-09
-1.530736295672199813e-09
-1.699550610879774841e-09
-1.859382463571298572e-09
-2.007038847725023953e-09
-2.139573336305514297e-09
-2.254341011226195629e-09
-2.349050162137641249e-09
-2.421811157938371988e-09
-2.471170172156276213e-09
-2.496143110278421575e-09
-2.496229746138476567e-09
-2.471430483633224663e-09
-2.422239288528853535e-09
-2.349638033905986430e-09
-2.255076709217291986e-09
-2.140441512441589851e-09
-2.008021326650822410e-09
-1.860460262137996694e-09
-1.700703534248198971e-09
-1.531940715880516770e-09
-1.357538892570373866e-09
-1.180982481868793607e-09
-1.005796896850321247e-09
-8.354780661243087040e-10
-6.734280122979502860e-10
-5.228829583488248784e-10
-3.868474924491892004e-10
-2.680398399518175539e-10
-1.688324905628313468e-10
-9.120635605677468280e-11
-3.671078449505055085e-11
-6.436701089819984790e-12
-9.865178936331887253e-13
-2.046928703802791634e-11
-6.449585397212778208e-11
-1.321877431918786638e-10
-2.221925063178207014e-10
-3.327138124054569858e-10
-4.615429518943646297e-10
-6.061073042222112495e-10
-7.635204210259060765e-10
-9.306387736396773147e-10
-1.104125568786861572e-09
-1.280516583755609573e-09
-1.456290444439210795e-09
-1.627938095582850027e-09
-1.792032472978757731e-09
-1.945295752280657493e-09
-2.084670434837657505e-09
-2.207373065966452499e-09
-2.310954617520452982e-09
-2.393347137968276384e-09
-2.452908382988320845e-09
-2.488445847327381865e-09
-2.499252307717597945e-09
-2.485112285224986155e-09
-2.446306892010843813e-09
-2.383611206002655910e-09
-2.298276701384014024e-09
-2.192006206994040992e-09
-2.066922200429888257e-09
-1.925520561865028202e-09
-1.770624327867546462e-09
-1.605326943902063957e-09
-1.432926429154030758e-09
-1.256865599805771857e-09
-1.080660377357421510e-09
-9.078272891542885581e-10
-7.418170273659759290e-10
-5.859465943267568292e-10
-4.433274089081169384e-10
-3.168079531755005488e-10
-2.089135917675736844e-10
-1.218021432500416144e-10
-5.720995989505548412e-11
-1.642789582259549695e-11
-2.708127933187525192e-13
-9.061626285612038920e-12
-4.262464119866453094e-11
-1.002891869235190609e-10
-1.809043595756688569e-10
-2.828598226794064054e-10
-4.041191286524601213e-10
-5.422613201746917917e-10
-6.945277822149797989e-10
-8.578765661485961565e-10
-1.029047417139345326e-09
-1.204620137224776708e-09
-1.381091325705044131e-09
-1.554938194834694916e-09
-1.722688645914601646e-09
-1.880993364867813366e-09
-2.026692465208827824e-09
-2.156877688148246544e-09
-2.268950361781203228e-09
-2.360671888185297898e-09
-2.430212211034613675e-09
-2.476185560465054153e-09
-2.497672263500650951e-09
-2.494242573963788629e-09
-2.465965760152832835e-09
-2.413406671719470778e-09
-2.337614228610382252e-09
-2.240101428176457705e-09
-2.122813841223687341e-09
-1.988094472992998948e-09
-1.838630650733231185e-09
-1.677406565829075478e-09
-1.507640871748029426e-09
-1.332724483935741718e-09
-1.156147070601420855e-09
-9.814372759938798751e-10
-8.120813351996673413e-10
-6.514608740384121663e-10
-5.027832368676749049e-10
-3.690182767363335848e-10
-2.528371650218878851e-10
-1.565592790034324933e-10
-8.210777321547483861e-11
-3.096979561476308241e-11
-4.166801166700835773e-12
-2.233347264214827810e-12
-2.520800605012674633e-11
-7.263255662358628746e-11
-1.435592551821736919e-10
-2.365730493449907570e-10
-3.498143983209270759e-10
-4.810234996064502519e-10
-6.275794669736030141e-10
-7.865556643293389627e-10
-9.547764532136001858e-10
-1.128883633820199214e-09
-1.305402482120916469e-09
-1.480806575299248015e-09
-1.651594532139264631e-09
-1.814356050149710913e-09
-1.965842385552720516e-09
-2.103029967027213377e-09
-2.223178758794107593e-09
-2.323891431495098234e-09
-2.403156983045272447e-09
-2.459393955588941080e-09
-2.491479516068048755e-09
-2.498773488080790516e-09
-2.481131276578682973e-09
-2.438902454227822143e-09
-2.372930559460491718e-09
-2.284533103584381139e-09
-2.175475317491659843e-09
-2.047933195103289469e-09
-1.904453507587460015e-09
-1.747898267551862279e-09
-1.581396059481279343e-09
-1.408269338316561406e-09
-1.231973844937104600e-09
