2.222845947844525701e-12
4.444278256946895349e-12
6.667528101574894612e-12
8.889970152635946751e-12
1.111281610048047366e-11
1.333445035797457949e-11
1.555709435742736821e-11
1.777994030527189350e-11
2.000258430472468222e-11
2.222543025256921075e-11
2.444827620041373605e-11
2.667051630308305161e-11
2.889235250896889401e-11
3.111459261163820957e-11
3.333703466269926171e-11
3.555866892019336753e-11
3.778111097125441967e-11
4.000254328035678891e-11
4.222518727980957763e-11
4.444823517604584597e-11
4.667067722710689811e-11
4.889271538138447709e-11
5.111475353566205607e-11
5.333719558672310821e-11
5.555882984421721403e-11
5.778127189527826617e-11
6.000310810116410858e-11
6.222555015222516071e-11
6.444819415167794943e-11
6.667023230595552841e-11
6.889247240862484397e-11
7.111471251129415953e-11
7.333675066557173852e-11
7.555919271663279065e-11
7.778123087091036964e-11
8.000367292197142177e-11
8.222651886981594707e-11
8.444916286926873579e-11
8.667120102354631477e-11
8.889364307460737983e-11
9.111507538370974908e-11
9.333771938316253780e-11
9.555995948583185336e-11
9.778240153689290550e-11
1.000044396911704845e-10
1.022276895357984829e-10
1.044503335352512717e-10
1.066725736379205872e-10
1.088946117921981662e-10
1.111172557916509549e-10
1.133398997911037436e-10
1.155631496357317421e-10
1.177849858416175845e-10
1.200068220475034269e-10
1.222292640985644790e-10
1.244519080980172677e-10
1.266737443039031101e-10
1.288963883033558989e-10
1.311184264576334778e-10
1.333412724054780031e-10
1.355635125081473187e-10
1.377865604043835806e-10
1.400079927134859498e-10
1.422302328161552654e-10
1.444534826607832638e-10
1.466751169182773697e-10
1.488975589693384218e-10
1.511197990720077374e-10
1.533420391746770529e-10
1.555646831741298416e-10
1.577871252251908938e-10
1.600097692246436825e-10
1.622332210176634175e-10
1.644554611203327331e-10
1.666777012230020487e-10
1.688997393772796276e-10
1.711219794799489432e-10
1.733446234794017319e-10
1.755664596852876002e-10
1.777884978395651791e-10
1.800113437874097044e-10
1.822325741481203371e-10
1.844554200959648624e-10
1.866772563018507048e-10
1.889003041980869667e-10
1.911227462491480188e-10
1.933451883002090710e-10
1.955678322996618597e-10
1.977900724023311752e-10
2.000123125050004908e-10
2.022345526076698064e-10
2.044569946587308585e-10
2.066794367097919106e-10
2.089016768124612262e-10
2.111241188635222783e-10
2.133467628629750671e-10
2.155692049140361192e-10
2.177912430683136982e-10
2.200134831709830137e-10
2.222363291188275390e-10
2.244587711698885912e-10
2.266812132209496433e-10
2.289032513752272223e-10
2.311258953746800110e-10
2.333477315805658534e-10
2.355705775284103787e-10
2.377930195794714308e-10
2.400154616305324830e-10
2.422381056299852717e-10
2.444595379390876409e-10
2.466819799901486931e-10
2.489042200928180086e-10
2.511266621438790608e-10
2.533489022465483763e-10
2.555709404008259553e-10
2.577931805034952709e-10
2.600156225545563230e-10
2.622372568120504289e-10
2.644596988631114810e-10
2.666821409141725331e-10
2.689035732232749024e-10
2.711258133259442179e-10
2.733486592737887432e-10
2.755711013248497954e-10
2.777923316855604280e-10
2.800151776334049533e-10
2.822372157876825323e-10
2.844590519935683747e-10
2.866820998898046366e-10
2.889047438892574253e-10
2.911261761983597946e-10
2.933486182494208467e-10
2.955708583520901623e-10
2.977937042999346876e-10
3.000159444026040031e-10
3.022377806084898455e-10
3.044600207111591611e-10
3.066820588654367401e-10
3.089047028648895288e-10
3.111273468643423175e-10
3.133495869670116331e-10
3.155720290180726852e-10
3.177936632755667910e-10
3.200159033782361066e-10
3.222385473776888953e-10
3.244613933255334206e-10
3.266836334282027361e-10
3.289052676856968420e-10
3.311279116851496307e-10
3.333495459426437365e-10
3.355725938388799984e-10
3.377944300447658408e-10
3.400170740442186295e-10
3.422393141468879451e-10
3.444619581463407338e-10
3.466835924038348396e-10
3.489060344548958917e-10
3.511286784543487322e-10
3.533503127118428380e-10
3.555725528145121535e-10
3.577943890203979960e-10
3.600170330198507847e-10
3.622396770193035734e-10
3.644619171219728889e-10
3.666839552762504679e-10
3.689057914821363103e-10
3.711286374299808356e-10
3.733508775326501512e-10
3.755735215321029399e-10
3.777957616347722555e-10
3.800182036858333076e-10
3.822398379433274134e-10
3.844622799943884656e-10
3.866849239938412543e-10
3.889069621481188333e-10
3.911294041991798854e-10
3.933520481986326741e-10
3.955744902496937263e-10
3.977965284039713052e-10
4.000189704550323574e-10
4.022412105577016729e-10
4.044632487119792519e-10
4.066854888146485675e-10
4.089083347624930928e-10
4.111303729167706718e-10
4.133520071742647776e-10
4.155746511737175663e-10
4.177970932247786184e-10
4.200193333274479340e-10
4.222413714817255130e-10
4.244632076876113554e-10
4.266856497386724075e-10
4.289072839961665133e-10
4.311305338407945118e-10
4.333533797886390371e-10
4.355756198913083527e-10
4.377984658391528780e-10
4.400209078902139301e-10
4.422429460444915091e-10
4.444647822503773515e-10
4.466866184562631939e-10
4.489088585589325094e-10
4.511315025583852982e-10
4.533533387642711406e-10
4.555761847121156659e-10
4.577982228663932448e-10
4.600206649174542970e-10
4.622431069685153491e-10
4.644655490195764013e-10
4.666883949674209266e-10
4.689108370184819787e-10
4.711332790695430308e-10
4.733553172238206098e-10
4.755777592748816620e-10
4.777995954807675044e-10
4.800218355834368199e-10
4.822436717893226623e-10
4.844663157887754510e-10
4.866887578398365032e-10
4.889103920973306090e-10
4.911330360967833977e-10
4.933554781478444499e-10
4.955783240956889752e-10
4.978005641983582907e-10
5.000226023526358697e-10
5.022454483004803950e-10
5.044670825579745008e-10
5.066897265574272895e-10
5.089115627633131319e-10
5.111346106595493938e-10
5.133568507622187094e-10
5.155792928132797615e-10
5.178009270707738673e-10
5.200235710702266561e-10
5.222460131212877082e-10
5.244682532239570238e-10
5.266898874814511296e-10
5.289125314809039183e-10
5.311347715835732339e-10
5.333580214282012323e-10
5.355800595824788113e-10
5.378027035819316000e-10
5.400251456329926521e-10
5.422475876840537043e-10
5.444698277867230198e-10
5.466926737345675451e-10
5.489147118888451241e-10
5.511365480947309665e-10
5.533583843006168089e-10
5.555808263516778611e-10
5.578028645059554401e-10
5.600251046086247556e-10
5.622471427629023346e-10
5.644697867623551233e-10
5.666920268650244389e-10
5.689150747612607007e-10
5.711371129155382797e-10
5.733591510698158587e-10
5.755815931208769108e-10
5.778046410171131727e-10
5.800262752746072785e-10
5.822485153772765941e-10
5.844703515831624365e-10
5.866925916858317521e-10
5.889146298401093310e-10
5.911364660459951735e-10
5.933583022518810159e-10
5.955809462513338046e-10
5.978029844056113836e-10
6.000254264566724357e-10
6.022470607141665415e-10
6.044693008168358571e-10
6.066909350743299629e-10
6.089133771253910150e-10
6.111356172280603306e-10
6.133586651242965925e-10
6.155809052269659080e-10
6.178021355876765407e-10
6.200249815355210660e-10
6.222470196897986450e-10
6.244692597924679605e-10
6.266917018435290127e-10
6.289143458429818014e-10
6.311363839972593804e-10
6.333584221515369594e-10
6.355810661509897481e-10
6.378037101504425368e-10
6.400261522015035889e-10
6.422479884073894313e-10
6.444704304584504835e-10
6.466918627675528527e-10
6.489147087153973780e-10
6.511369488180666936e-10
6.533591889207360091e-10
6.555810251266218515e-10
6.578032652292911671e-10
6.600259092287439558e-10
6.622481493314132714e-10
6.644703894340825869e-10
6.666934373303188488e-10
