4.684740378713468082e-07
2.009871416480761169e-06
5.117302900475985977e-06
1.099518691468150403e-05
2.267661453209780738e-05
4.907883793488086499e-05
1.247005481265175042e-04
4.726126509751832306e-04
7.250077842198770529e-03
-9.997627881887926833e+02
-9.997645007422108847e+02
-9.997645426196301059e+02
-9.997645496388190622e+02
-9.997645517284803418e+02
-9.997645525589056206e+02
-9.997645529523844061e+02
-9.997645531623732040e+02
-9.997645532844993568e+02
-9.997645533603067634e+02
-9.997645534098278404e+02
-9.997645534435371246e+02
-9.997645534672728900e+02
-9.997645534844681379e+02
-9.997645534972275527e+02
-9.997645535068959362e+02
-9.997645535143544748e+02
-9.997645535201990015e+02
-9.997645535248456099e+02
-9.997645535285845426e+02
-9.997645535316272571e+02
-9.997645535341287086e+02
-9.997645535362046303e+02
-9.997645535379414241e+02
-9.997645535394054832e+02
-9.997645535406484214e+02
-9.997645535417109386e+02
-9.997645535426233891e+02
-9.997645535434130579e+02
-9.997645535440985896e+02
-9.997645535446971508e+02
-9.997645535452215881e+02
-9.997645535456837251e+02
-9.997645535460917472e+02
-9.997645535464542945e+02
-9.997645535467762556e+02
-9.997645535470649065e+02
-9.997645535473230893e+02
-9.997645535475548968e+02
-9.997645535477643080e+02
-9.997645535479524597e+02
-9.997645535481248089e+02
-9.997645535482802188e+02
-9.997645535484219863e+02
-9.997645535485506798e+02
-9.997645535486678909e+02
-9.997645535487764619e+02
-9.997645535488752557e+02
-9.997645535489663189e+02
-9.997645535490504471e+02
-9.997645535491274131e+02
-9.997645535491982400e+02
-9.997645535492644058e+02
-9.997645535493254556e+02
-9.997645535493824127e+02
-9.997645535494349360e+02
-9.997645535494838214e+02
-9.997645535495299782e+02
-9.997645535495720424e+02
-9.997645535496119464e+02
-9.997645535496492357e+02
-9.997645535496840239e+02
-9.997645535497165383e+02
-9.997645535497466653e+02
-9.997645535497753144e+02
-9.997645535498024856e+02
-9.997645535498277241e+02
-9.997645535498517120e+02
-9.997645535498745630e+02
-9.997645535498952540e+02
-9.997645535499160587e+02
-9.997645535499344760e+02
-9.997645535499526659e+02
-9.997645535499692642e+02
-9.997645535499849530e+02
-9.997645535500001870e+02
-9.997645535500148526e+02
-9.997645535500283813e+02
-9.997645535500416827e+02
-9.997645535500539609e+02
-9.997645535500648748e+02
-9.997645535500761298e+02
-9.997645535500869300e+02
-9.997645535500962524e+02
-9.997645535501060294e+02
-9.997645535501154654e+02
-9.997645535501243330e+02
-9.997645535501327458e+02
-9.997645535501400218e+02
-9.997645535501475251e+02
-9.997645535501551421e+02
-9.997645535501623044e+02
-9.997645535501693530e+02
-9.997645535501753784e+02
-9.997645535501820859e+02
-9.997645535501878840e+02
-9.997645535501936820e+02
-9.997645535501991390e+02
-9.997645535502048233e+02
-9.997645535502103940e+02
-9.997645535502146004e+02
-9.997645535502189205e+02
-9.997645535502239227e+02
-9.997645535502277880e+02
-9.997645535502315397e+02
-9.997645535502355187e+02
-9.997645535502393841e+02
-9.997645535502432494e+02
-9.997645535502467737e+02
-9.997645535502505254e+02
-9.997645535502530265e+02
-9.997645535502565508e+02
-9.997645535502601888e+02
-9.997645535502624625e+02
-9.997645535502654184e+02
-9.997645535502686016e+02
-9.997645535502709890e+02
-9.997645535502737175e+02
-9.997645535502759913e+02
-9.997645535502787197e+02
-9.997645535502805387e+02
-9.997645535502825851e+02
-9.997645535502856546e+02
-9.997645535502872463e+02
-9.997645535502896337e+02
-9.997645535502914527e+02
-9.997645535502939538e+02
-9.997645535502953180e+02
-9.997645535502969096e+02
-9.997645535502985012e+02
-9.997645535503004339e+02
-9.997645535503019119e+02
-9.997645535503029350e+02
-9.997645535503044130e+02
-9.997645535503054361e+02
-9.997645535503068004e+02
-9.997645535503086194e+02
-9.997645535503097562e+02
-9.997645535503103247e+02
-9.997645535503120300e+02
-9.997645535503135079e+02
