-4.701147917310906349e-07
-2.037790813240385220e-06
-5.280258090916259562e-06
-1.163706994235692651e-05
-2.483185174421217463e-05
-5.614794151937642933e-05
-1.506854398101204362e-04
-6.107599823283803124e-04
-1.019450876555451878e-02
9.073564955689651157e+00
-2.108951343357492533e+03
-2.108951071931630395e+03
-2.108951048755714055e+03
-2.108951043419354392e+03
-2.108951041572712256e+03
-2.108951040770721193e+03
-2.108951040367677706e+03
-2.108951040143364025e+03
-2.108951040008734708e+03
-2.108951039923093504e+03
-2.108951039866041810e+03
-2.108951039826578835e+03
-2.108951039798415877e+03
-2.108951039777783535e+03
-2.108951039762321216e+03
-2.108951039750508244e+03
-2.108951039741327804e+03
-2.108951039734085043e+03
-2.108951039728293836e+03
-2.108951039723608119e+03
-2.108951039719779146e+03
-2.108951039716615924e+03
-2.108951039713981572e+03
-2.108951039711767407e+03
-2.108951039709895667e+03
-2.108951039708304961e+03
-2.108951039706941629e+03
-2.108951039705767926e+03
-2.108951039704750656e+03
-2.108951039703863444e+03
-2.108951039703086280e+03
-2.108951039702405069e+03
-2.108951039701804348e+03
-2.108951039701273203e+03
-2.108951039700798447e+03
-2.108951039700375532e+03
-2.108951039699997182e+03
-2.108951039699660669e+03
-2.108951039699354624e+03
-2.108951039699078592e+03
-2.108951039698830300e+03
-2.108951039698602472e+03
-2.108951039698398290e+03
-2.108951039698207751e+03
-2.108951039698039040e+03
-2.108951039697886245e+03
-2.108951039697741180e+03
-2.108951039697611577e+03
-2.108951039697488795e+03
-2.108951039697378292e+03
-2.108951039697275519e+03
-2.108951039697179112e+03
-2.108951039697090437e+03
-2.108951039697007218e+03
-2.108951039696930820e+03
-2.108951039696861244e+03
-2.108951039696795306e+03
-2.108951039696735279e+03
-2.108951039696677526e+03
-2.108951039696623866e+03
-2.108951039696573389e+03
-2.108951039696529278e+03
-2.108951039696486532e+03
-2.108951039696446060e+03
-2.108951039696407406e+03
-2.108951039696370117e+03
-2.108951039696335101e+03
-2.108951039696305088e+03
-2.108951039696277803e+03
-2.108951039696250064e+03
-2.108951039696222779e+03
-2.108951039696198677e+03
-2.108951039696174121e+03
-2.108951039696150474e+03
-2.108951039696127737e+03
-2.108951039696107273e+03
-2.108951039696089538e+03
-2.108951039696069074e+03
-2.108951039696053613e+03
-2.108951039696039061e+03
-2.108951039696022690e+03
-2.108951039696008138e+03
-2.108951039695991767e+03
-2.108951039695976306e+03
-2.108951039695963573e+03
-2.108951039695951295e+03
-2.108951039695940381e+03
-2.108951039695928557e+03
-2.108951039695918553e+03
-2.108951039695906729e+03
-2.108951039695895815e+03
-2.108951039695886720e+03
-2.108951039695876261e+03
-2.108951039695868985e+03
-2.108951039695861709e+03
-2.108951039695854888e+03
-2.108951039695847612e+03
-2.108951039695839881e+03
-2.108951039695834424e+03
-2.108951039695825784e+03
-2.108951039695817144e+03
-2.108951039695808959e+03
-2.108951039695802137e+03
-2.108951039695795771e+03
-2.108951039695791223e+03
-2.108951039695787131e+03
-2.108951039695783493e+03
-2.108951039695777126e+03
-2.108951039695773034e+03
-2.108951039695769396e+03
-2.108951039695767122e+03
-2.108951039695760755e+03
-2.108951039695760301e+03
-2.108951039695756208e+03
-2.108951039695751206e+03
-2.108951039695744839e+03
-2.108951039695741656e+03
-2.108951039695738473e+03
-2.108951039695733471e+03
-2.108951039695729378e+03
-2.108951039695726649e+03
-2.108951039695722102e+03
-2.108951039695719373e+03
-2.108951039695713462e+03
-2.108951039695710733e+03
-2.108951039695706186e+03
-2.108951039695703003e+03
-2.108951039695699365e+03
-2.108951039695699819e+03
-2.108951039695698910e+03
-2.108951039695698000e+03
-2.108951039695696181e+03
-2.108951039695691179e+03
-2.108951039695688451e+03
-2.108951039695686177e+03
-2.108951039695685722e+03
-2.108951039695682084e+03
-2.108951039695675718e+03
-2.108951039695673899e+03
-2.108951039695673444e+03
