-7.452103727883434740e-12
-3.675591408558422040e-11
-1.112677648055711483e-10
-3.043756295602662991e-10
-8.755292561408202713e-10
-2.995457142233915387e-09
-1.456914953988470788e-08
-1.512246529705984982e-07
-1.889085658960145588e-05
-4.919130808651799452e+05
-4.919130808648053790e+05
-4.919130808648045640e+05
-4.919130808648047387e+05
-4.919130808648045640e+05
-4.919130808648047387e+05
-4.919130808648047387e+05
-4.919130808648045640e+05
-4.919130808648044476e+05
-4.919130808648042148e+05
-4.919130808648040984e+05
-4.919130808648040984e+05
-4.919130808648037491e+05
-4.919130808648040402e+05
-4.919130808648038656e+05
-4.919130808648040402e+05
-4.919130808648040402e+05
-4.919130808648042730e+05
-4.919130808648044476e+05
-4.919130808648046223e+05
-4.919130808648046223e+05
-4.919130808648042148e+05
-4.919130808648040984e+05
-4.919130808648039238e+05
-4.919130808648042148e+05
-4.919130808648038656e+05
-4.919130808648045640e+05
-4.919130808648044476e+05
-4.919130808648043894e+05
-4.919130808648042730e+05
-4.919130808648047969e+05
-4.919130808648047387e+05
-4.919130808648047387e+05
-4.919130808648048551e+05
-4.919130808648048551e+05
-4.919130808648052043e+05
-4.919130808648053207e+05
-4.919130808648052043e+05
-4.919130808648048551e+05
-4.919130808648053207e+05
-4.919130808648053207e+05
-4.919130808648056700e+05
-4.919130808648055536e+05
-4.919130808648056700e+05
-4.919130808648056700e+05
-4.919130808648057282e+05
-4.919130808648060192e+05
-4.919130808648062521e+05
-4.919130808648062521e+05
-4.919130808648064267e+05
-4.919130808648063685e+05
-4.919130808648065431e+05
-4.919130808648065431e+05
-4.919130808648061939e+05
-4.919130808648062521e+05
-4.919130808648061939e+05
-4.919130808648062521e+05
-4.919130808648060774e+05
-4.919130808648061939e+05
-4.919130808648063685e+05
-4.919130808648063685e+05
-4.919130808648067177e+05
-4.919130808648067759e+05
-4.919130808648069506e+05
-4.919130808648066013e+05
-4.919130808648067759e+05
-4.919130808648067177e+05
-4.919130808648064267e+05
-4.919130808648063685e+05
-4.919130808648063685e+05
-4.919130808648066013e+05
-4.919130808648067759e+05
-4.919130808648067177e+05
-4.919130808648068341e+05
-4.919130808648065431e+05
-4.919130808648067177e+05
-4.919130808648066013e+05
-4.919130808648065431e+05
-4.919130808648067177e+05
-4.919130808648065431e+05
-4.919130808648067177e+05
-4.919130808648067177e+05
-4.919130808648069506e+05
-4.919130808648069506e+05
-4.919130808648064267e+05
-4.919130808648065431e+05
-4.919130808648063685e+05
-4.919130808648066013e+05
-4.919130808648064267e+05
-4.919130808648064267e+05
-4.919130808648066013e+05
-4.919130808648066013e+05
-4.919130808648065431e+05
-4.919130808648066013e+05
-4.919130808648064267e+05
-4.919130808648067759e+05
-4.919130808648070088e+05
-4.919130808648072998e+05
-4.919130808648070088e+05
-4.919130808648073580e+05
-4.919130808648075326e+05
-4.919130808648073580e+05
-4.919130808648075326e+05
-4.919130808648076490e+05
-4.919130808648072998e+05
-4.919130808648072998e+05
-4.919130808648071252e+05
-4.919130808648072998e+05
-4.919130808648073580e+05
-4.919130808648072998e+05
-4.919130808648072998e+05
-4.919130808648074744e+05
-4.919130808648075326e+05
-4.919130808648077073e+05
-4.919130808648075326e+05
-4.919130808648074744e+05
-4.919130808648076490e+05
-4.919130808648074744e+05
-4.919130808648074744e+05
-4.919130808648072998e+05
-4.919130808648076490e+05
-4.919130808648078237e+05
-4.919130808648078819e+05
-4.919130808648078819e+05
-4.919130808648078237e+05
-4.919130808648078819e+05
-4.919130808648078237e+05
-4.919130808648081729e+05
-4.919130808648080565e+05
-4.919130808648081729e+05
-4.919130808648079983e+05
-4.919130808648079983e+05
-4.919130808648079983e+05
-4.919130808648081729e+05
-4.919130808648081729e+05
-4.919130808648082311e+05
-4.919130808648084057e+05
-4.919130808648081729e+05
-4.919130808648085222e+05
-4.919130808648085222e+05
-4.919130808648085804e+05
