1.999999999999999833e-01
4.000000000000000777e-01
6.000000000000001998e-01
8.000000000000003775e-01
1.000000000000000444e+00
1.200000000000000622e+00
1.400000000000000799e+00
1.600000000000000977e+00
1.800000000000001155e+00
2.000000000000001332e+00
2.200000000000001510e+00
2.400000000000001688e+00
2.600000000000001865e+00
2.800000000000002043e+00
3.000000000000002220e+00
3.200000000000002398e+00
3.400000000000002576e+00
3.600000000000002753e+00
3.800000000000002931e+00
4.000000000000002665e+00
4.199999999999998401e+00
4.399999999999994138e+00
4.599999999999989875e+00
4.799999999999985612e+00
4.999999999999981348e+00
5.199999999999977085e+00
5.399999999999972822e+00
5.599999999999968558e+00
5.799999999999964295e+00
5.999999999999960032e+00
6.199999999999955769e+00
6.399999999999951505e+00
6.599999999999947242e+00
6.799999999999942979e+00
6.999999999999938716e+00
7.199999999999934452e+00
7.399999999999930189e+00
7.599999999999925926e+00
7.799999999999921663e+00
7.999999999999917399e+00
8.199999999999914024e+00
8.399999999999909761e+00
8.599999999999905498e+00
8.799999999999901235e+00
8.999999999999896971e+00
9.199999999999892708e+00
9.399999999999888445e+00
9.599999999999884182e+00
9.799999999999879918e+00
9.999999999999875655e+00
1.019999999999987139e+01
1.039999999999986713e+01
1.059999999999986287e+01
1.079999999999985860e+01
1.099999999999985434e+01
1.119999999999985008e+01
1.139999999999984581e+01
1.159999999999984155e+01
1.179999999999983729e+01
1.199999999999983302e+01
1.219999999999982876e+01
1.239999999999982450e+01
1.259999999999982023e+01
1.279999999999981597e+01
1.299999999999981171e+01
1.319999999999980744e+01
1.339999999999980318e+01
1.359999999999979892e+01
1.379999999999979465e+01
1.399999999999979039e+01
1.419999999999978613e+01
1.439999999999978186e+01
1.459999999999977760e+01
1.479999999999977334e+01
1.499999999999976907e+01
1.519999999999976481e+01
1.539999999999976055e+01
1.559999999999975628e+01
1.579999999999975202e+01
1.599999999999974776e+01
1.619999999999974349e+01
1.639999999999973923e+01
1.659999999999973497e+01
1.679999999999973070e+01
1.699999999999972644e+01
1.719999999999972218e+01
1.739999999999971791e+01
1.759999999999971365e+01
1.779999999999970939e+01
1.799999999999970512e+01
1.819999999999970086e+01
1.839999999999969660e+01
1.859999999999969233e+01
1.879999999999968807e+01
1.899999999999968381e+01
1.919999999999967955e+01
1.939999999999967528e+01
1.959999999999967102e+01
1.979999999999966676e+01
1.999999999999966249e+01
2.019999999999965823e+01
2.039999999999965397e+01
2.059999999999964970e+01
2.079999999999964544e+01
2.099999999999964118e+01
2.119999999999963691e+01
2.139999999999963265e+01
2.159999999999962839e+01
2.179999999999962412e+01
2.199999999999961986e+01
2.219999999999961560e+01
2.239999999999961133e+01
2.259999999999960707e+01
2.279999999999960281e+01
2.299999999999959854e+01
2.319999999999959428e+01
2.339999999999959002e+01
2.359999999999958575e+01
2.379999999999958149e+01
2.399999999999957723e+01
2.419999999999957296e+01
2.439999999999956870e+01
2.459999999999956444e+01
2.479999999999956017e+01
2.499999999999955591e+01
2.519999999999955165e+01
2.539999999999954738e+01
2.559999999999954312e+01
2.579999999999953886e+01
2.599999999999953459e+01
2.619999999999953033e+01
2.639999999999952607e+01
2.659999999999952180e+01
2.679999999999951754e+01
2.699999999999951328e+01
2.719999999999950901e+01
2.739999999999950475e+01
2.759999999999950049e+01
2.779999999999949623e+01
2.799999999999949196e+01
2.819999999999948770e+01
2.839999999999948344e+01
2.859999999999947917e+01
2.879999999999947491e+01
2.899999999999947065e+01
2.919999999999946638e+01
2.939999999999946212e+01
2.959999999999945786e+01
2.979999999999945359e+01
2.999999999999944933e+01
