-4.776327481674040394e-12
-1.826139239824442484e-11
-4.024306813713943875e-11
-7.035912593285804960e-11
-1.081028599969613424e-10
-1.528313771833230410e-10
-2.037789196644249907e-10
-2.600685592805500033e-10
-3.207287768702826725e-10
-3.847106337199572277e-10
-4.509058311915244434e-10
-5.181671388262051289e-10
-5.853283783589328130e-10
-6.512248518220076221e-10
-7.147148058569049419e-10
-7.746983795205627496e-10
-8.301392166269275811e-10
-8.800801568990360727e-10
-9.236626278645113678e-10
-9.601410037400153146e-10
-9.888947438696504832e-10
-1.009441715401256495e-09
-1.021444854624557358e-09
-1.024718828309308499e-09
-1.019232994300030675e-09
-1.005112437724164920e-09
-9.826357505460237007e-10
-9.522295544665364491e-10
-9.144609514066814882e-10
-8.700286417232897554e-10
-8.197490094138023517e-10
-7.645417632318185497e-10
-7.054151337134347807e-10
-6.434463332520105075e-10
-5.797629043513552460e-10
-5.155233277302310205e-10
-4.518955580105436508e-10
-3.900364475839523948e-10
-3.310722066866371148e-10
-2.760772351469616427e-10
-2.260550265494506155e-10
-1.819218849637612428e-10
-1.444884212276065227e-10
-1.144471184488793369e-10
-9.235871326988369347e-11
-7.864346211287435963e-11
-7.357211136612325263e-11
-7.726293678918712303e-11
-8.967745065054562346e-11
-1.106232142925970687e-10
-1.397563546371808636e-10
-1.765871893155690486e-10
-2.204897005716096308e-10
-2.707126374919728863e-10
-3.263916544445540370e-10
-3.865660384387107894e-10
-4.501957325449741933e-10
-5.161786553742331307e-10
-5.833714252408602726e-10
-6.506087520582090030e-10
-7.167249016504229076e-10
-7.805736797668790780e-10
-8.410496003345239194e-10
-8.971068332641607412e-10
-9.477778561972627358e-10
-9.921912180743674980e-10
-1.029585898019528706e-09
-1.059326108313977550e-09
-1.080911064358739843e-09
-1.093985790845408701e-09
-1.098345562648243451e-09
-1.093941085864950530e-09
-1.080878053727474253e-09
-1.059415962364103741e-09
-1.029963373847901259e-09
-9.930712548585536365e-10
-9.494220224818643532e-10
-8.998179978902953735e-10
-8.451677876072002357e-10
-7.864689640276386592e-10
-7.247911900284028627e-10
-6.612572711617303867e-10
-5.970225795219145118e-10
-5.332549217011243207e-10
-4.711144067452247589e-10
-4.117316857824941377e-10
-3.561882640686538383e-10
-3.054981452995282911e-10
-2.605887357750210089e-10
-2.222848571875601920e-10
-1.912943877376468143e-10
-1.681949394575591734e-10
-1.534245323379460908e-10
-1.472730086031030234e-10
-1.498771477296637906e-10
-1.612185940302879317e-10
-1.811232645347141963e-10
-2.092660859413323644e-10
-2.451748433903351855e-10
-2.882399504263351577e-10
-3.377248110799276350e-10
-3.927781063358300475e-10
-4.524509655823294452e-10
-5.157116215552074471e-10
-5.814648022332372682e-10
-6.485706786444703801e-10
-7.158658850888363042e-10
-7.821837992120587194e-10
-8.463748220795727059e-10
-9.073269543099135001e-10
-9.639859281188971567e-10
-1.015374007096170317e-09
-1.060606269476238595e-09
-1.098907631558176945e-09
-1.129625874322452312e-09
-1.152243633839589165e-09
-1.166386838965157274e-09
-1.171832260856338742e-09
-1.168511065685606809e-09
-1.156509850848882031e-09
-1.136069016638430185e-09
-1.107579509588655803e-09
-1.071574680840588605e-09
-1.028721552387423799e-09
-9.798079384874351876e-10
-9.257306032850465272e-10
-8.674766090640181312e-10
-8.061080691845745605e-10
-7.427417199797522437e-10
-6.785305650680584222e-10
-6.146418189227157461e-10
-5.522375149761652472e-10
-4.924530413082569532e-10
-4.363773046615430627e-10
-3.850336346052548055e-10
-3.393608357290152657e-10
-3.001976445204945776e-10
-2.682668901835920093e-10
-2.441632081702967429e-10
-2.283419379504418041e-10
-2.211117215248729346e-10
-2.226285822359841404e-10
