3.944825048840527870e-07
1.570925740009461839e-06
3.508441329458378277e-06
6.172627971867683527e-06
9.516182703469175025e-06
1.347974135986381403e-05
1.799293326036159252e-05
2.297563133198584145e-05
2.833937540680508960e-05
3.398894336855325793e-05
3.982404218616508729e-05
4.574108877086757730e-05
5.163504899948397753e-05
5.740130224252126823e-05
6.293749829093069059e-05
6.814537373086200511e-05
7.293249555972991516e-05
7.721390113631561314e-05
8.091360541081134294e-05
8.396594874978309541e-05
8.631676149617462102e-05
8.792432466512660461e-05
8.876010977720838468e-05
8.880928475315148795e-05
8.807097692153931234e-05
8.655828849546409742e-05
8.429806423615460176e-05
8.133041542131753965e-05
7.770800852361740829e-05
7.349513118537487344e-05
6.876655200234911569e-05
6.360619429527740443e-05
5.810564733603010989e-05
5.236254139395768448e-05
4.647881538163053239e-05
4.055890780962911890e-05
3.470790312487537221e-05
2.902966632278847214e-05
2.362499895032972935e-05
1.858984924796303062e-05
1.401360824922666912e-05
9.977522125244794510e-06
6.553249026985952241e-06
3.801586105171376413e-06
1.771389377847043534e-06
4.987056807514989032e-07
6.132169882988591780e-09
3.024147883223804456e-07
1.382292854105552801e-06
3.226592542038275724e-06
5.802567587013622394e-06
9.064481143757538079e-06
1.295441842981877831e-05
1.740331566738954544e-05
2.233218700631312004e-05
2.765352756872729856e-05
3.327286764983247014e-05
3.909045041646427154e-05
4.500300327370254649e-05
5.090557140663420910e-05
5.669338093265233891e-05
6.226369858127374379e-05
6.751765489765304551e-05
7.236199864231925027e-05
7.671075128223847628e-05
8.048673226597931340e-05
8.362292807125489013e-05
8.606368079133730475e-05
8.776567523286853123e-05
8.869870706422015849e-05
8.884621842645638856e-05
8.820559154809615166e-05
8.678819516264961443e-05
8.461918291461738284e-05
8.173704731599211448e-05
7.819293713703008586e-05
7.404975030311788942e-05
6.938101834090086562e-05
6.426960210781373917e-05
5.880622188625395097e-05
5.308784787031820695e-05
4.721597955577768591e-05
4.129484451897980080e-05
3.542954853408275540e-05
2.972420983867370486e-05
2.428011067046043081e-05
1.919389890892020389e-05
1.455587177308833266e-05
1.044837209847789514e-05
6.944325718016841620e-06
4.105945977883607156e-06
1.983628456455240656e-06
6.150555676616894490e-07
2.452700531563323239e-08
2.225279602067568312e-07
1.205542802177698599e-06
2.956117551189407777e-06
5.443170024340322946e-06
8.622542128004321099e-06
1.243778445525478560e-05
1.682115920464966052e-05
2.169484355896145189e-05
2.697231208929433061e-05
3.255987358263823239e-05
3.835833494007327016e-05
4.426476256173354085e-05
5.017430990417182102e-05
5.598207873950637048e-05
6.158498107774097740e-05
6.688356869470150890e-05
7.178379783242168366e-05
7.619869777641952169e-05
8.004991375513507968e-05
8.326909683346410396e-05
8.579911619976954285e-05
8.759507239345747087e-05
8.862509355456182902e-05
8.887090061060476387e-05
8.832813141020541558e-05
8.700641807468656452e-05
8.492921619781175502e-05
8.213338891449595280e-05
7.866855319201467034e-05
7.459619989802490636e-05
6.998860321605349100e-05
6.492753868991840704e-05
5.950283259240999467e-05
5.381076829783874171e-05
4.795237788327947481e-05
4.203164923621827143e-05
3.615368045502739125e-05
3.042281428422555223e-05
2.494078569936775125e-05
1.980491553732477428e-05
1.510638227353311436e-05
1.092860267171147370e-05
7.345750108041689166e-06
4.421436942791956426e-06
2.207584395730322058e-06
7.435000508593248014e-07
5.517942858190849620e-08
1.548440706026591733e-07
