1.972259511262564047e-07
7.854023988211148461e-07
1.754087310512630893e-06
3.086083478246829610e-06
4.757743938673304931e-06
6.739391923341979215e-06
8.995847880388652129e-06
1.148705418726100011e-05
1.416878645343899734e-05
1.699343876904180206e-05
1.991086894085706754e-05
2.286928870424513244e-05
2.581618309468088418e-05
2.869924265643438238e-05
3.146729193659325574e-05
3.407119778901327589e-05
3.646474136909105823e-05
3.860543835720875450e-05
4.045529286011984027e-05
4.198147162925991438e-05
4.315688664080497006e-05
4.396067571625176395e-05
4.437857266692546432e-05
4.440316040499325823e-05
4.403400253227829353e-05
4.327765108532351934e-05
4.214753028926784129e-05
4.066369838851002783e-05
3.885249176664255100e-05
3.674605766364654602e-05
3.438178377113132456e-05
3.180163481057244479e-05
2.905140785832334777e-05
2.617991961232727854e-05
2.323814002203050677e-05
2.027828763691748654e-05
1.735290273726282711e-05
1.451391468136146481e-05
1.181172003998180212e-05
9.294287873995443761e-06
7.006308056981917595e-06
4.988397768338852054e-06
3.276380260430755698e-06
1.900648716042970369e-06
8.856265102015944395e-07
2.493334706106982721e-07
3.065848612019787211e-09
1.511957008482056608e-07
6.910932365637260117e-07
1.613173526315847539e-06
2.901066729658433825e-06
4.531908821103769469e-06
6.476747641019168875e-06
8.701057047903285407e-06
1.116535003357436476e-05
1.382587989814017779e-05
1.663541702108991066e-05
1.954408742458705811e-05
2.250025822991830182e-05
2.545145427834683005e-05
2.834528964257287953e-05
3.113039748440608190e-05
3.375734176428816380e-05
3.617949462035122832e-05
3.835386385331318593e-05
4.024185585072004301e-05
4.180996040966297034e-05
4.303034533729525190e-05
4.388135027551717105e-05
4.434787100704440377e-05
4.442162743689692661e-05
4.410131049266870906e-05
4.339260535039338873e-05
4.230809057167069642e-05
4.086701493299926824e-05
3.909495591480904864e-05
3.702336588092455105e-05
3.468901400941840773e-05
3.213333384843863882e-05
2.940168807056646111e-05
2.654256345972309456e-05
2.360671039713935215e-05
2.064624212039234408e-05
1.771370972525332377e-05
1.486116933513415006e-05
1.213925798933720121e-05
9.596294659797166560e-06
7.277422369907545110e-06
5.223806643842958217e-06
3.471904545637727324e-06
2.052817282383045949e-06
9.917378977301420894e-07
3.075038641497940262e-07
1.226253454333914306e-08
1.112554075533012110e-07
6.027250352147461854e-07
1.477946237097664147e-06
2.721381058279348508e-06
4.310954725047129635e-06
6.218447677378928326e-06
8.409996715030843006e-06
1.084669634495346277e-05
1.348528963118766910e-05
1.627893627927553061e-05
1.917804428952507578e-05
2.213115041923193266e-05
2.508583379601247998e-05
2.798964647373243869e-05
3.079104440262270259e-05
3.344030228872677679e-05
3.589039611417987885e-05
3.809783766239860370e-05
4.002344624298714848e-05
4.163304394566580413e-05
4.289806208301882862e-05
4.379604809153411071e-05
4.431106389146677316e-05
4.443396866404825118e-05
4.416258102294771259e-05
4.350171771783095664e-05
4.246310817398087767e-05
4.106518639564645656e-05
3.933276390248133947e-05
3.729658950923919747e-05
3.499280373612615602e-05
3.246229752917884070e-05
2.974998664514079755e-05
2.690401457498363053e-05
2.397489813210640364e-05
2.101463086064588387e-05
1.807576017428165832e-05
1.521045459451642046e-05
1.246957765458726367e-05
9.901784903417384570e-06
7.552660051146631304e-06
5.463905607072661041e-06
3.672602381765699420e-06
2.210551021786244519e-06
1.103707284085449606e-06
3.717210853200943474e-07
2.758752692955113162e-08
7.741610241751573085e-08
