7.715306911867022529e-10
3.085264784393378691e-09
6.938631891273416841e-09
1.232735128790333516e-08
1.924543576355593552e-08
2.768519946627634454e-08
3.763726515633910436e-08
4.909057634468657467e-08
6.203240765501050191e-08
7.644838095899331165e-08
9.232247988322228593e-08
1.096370680168471804e-07
1.283729087475649067e-07
1.485091859857826939e-07
1.700235288855841127e-07
1.928920336051002386e-07
2.170892935045761469e-07
2.425884244594556094e-07
2.693610974269233793e-07
2.973775667195847619e-07
3.266067070128997329e-07
3.570160429511304301e-07
3.885717902996077555e-07
4.212388893994519221e-07
4.549810470599879864e-07
4.897607756385961037e-07
5.255394341929786606e-07
5.622772722979618720e-07
5.999334731221495076e-07
6.384662010934979409e-07
6.778326454200586087e-07
7.179890696799399192e-07
7.588908594868826185e-07
8.004925726723399748e-07
8.427479893195292133e-07
8.856101634258095601e-07
9.290314744170302674e-07
9.729636807342956217e-07
1.017357973568759229e-06
1.062165031040507301e-06
1.107335071045175260e-06
1.152817909577663613e-06
1.198563014614961730e-06
1.244519564143805160e-06
1.290636498711232202e-06
1.336862582856923609e-06
1.383146458996028064e-06
1.429436705446818223e-06
1.475681893126079558e-06
1.521830643724797483e-06
1.567831685367337968e-06
1.613633911527282857e-06
1.659186434466164428e-06
1.704438646221717590e-06
1.749340270862376201e-06
1.793841422514930173e-06
1.837892659987498286e-06
1.881445042724768205e-06
1.924450183654613511e-06
1.966860304403184045e-06
2.008628286513195700e-06
2.049707726214933246e-06
2.090052983720151143e-06
2.129619235624602425e-06
2.168362523017700834e-06
2.206239803588990515e-06
2.243208994556766811e-06
2.279229022998189531e-06
2.314259871294410686e-06
2.348262620355257013e-06
2.381199492399824986e-06
2.413033894921312594e-06
2.443730460062928149e-06
2.473255083697741601e-06
2.501574963620356584e-06
2.528658637590552871e-06
2.554476014715589827e-06
2.578998411865522040e-06
2.602198585943682474e-06
2.624050760680063377e-06
2.644530657865592264e-06
2.663615525181720851e-06
2.681284159441096098e-06
2.697516930124284944e-06
2.712295803360594608e-06
2.725604359099520480e-06
2.737427811982939829e-06
2.747753026444144098e-06
2.756568530474604824e-06
2.763864531019066817e-06
2.769632921821122647e-06
2.773867294081355794e-06
2.776562943414736300e-06
2.777716874735602914e-06
2.777327806846585645e-06
2.775396171106336851e-06
2.771924114538156563e-06
2.766915493760772289e-06
2.760375873952133123e-06
2.752312519819592136e-06
2.742734390418869690e-06
2.731652126423492984e-06
2.719078040650894319e-06
2.705026103555496775e-06
2.689511925465145385e-06
2.672552743258430848e-06
2.654167398456289913e-06
2.634376317089959230e-06
2.613201486904396471e-06
2.590666433377464273e-06
2.566796192926545928e-06
2.541617284634867246e-06
2.515157682717964700e-06
2.487446783957144352e-06
2.458515374688848614e-06
2.428395598090086434e-06
2.397120916874939667e-06
2.364726077767424168e-06
2.331247070941344646e-06
2.296721091976650087e-06
2.261186498930811695e-06
2.224682770446406721e-06
2.187250462970524723e-06
2.148931162793132899e-06
2.109767443118452330e-06
2.069802815659234956e-06
2.029081680010591526e-06
1.987649278352895170e-06
1.945551641568954437e-06
1.902835540246172741e-06
1.859548432570079513e-06
1.815738410737566255e-06
1.771454146926032536e-06
1.726744841334948433e-06
1.681660166970762708e-06
1.636250212359395159e-06
1.590565428403560185e-06
1.544656570947229971e-06
1.498574645116453444e-06
1.452370848031847572e-06
1.406096512113208519e-06
1.359803049272301223e-06
1.313541891552934663e-06
1.267364434731632628e-06
1.221321982658452043e-06
1.175465688933267524e-06
1.129846500358411276e-06
1.084515099947225281e-06
1.039521852005028227e-06
9.949167436573702616e-07
9.507493317073567596e-07
9.070686863843491210e-07
8.639233376091700594e-07
8.213612196309819663e-07
7.794296201050580092e-07
7.381751248776898793e-07
6.976435686922854984e-07
6.578799818986643660e-07
6.189285427874816631e-07
5.808325266679995619e-07
5.436342590906898548e-07
5.073750672934806971e-07
4.720952357928354104e-07
4.378339604945343253e-07
4.046293073933782125e-07
3.725181659438210899e-07
3.415362123485958237e-07
3.117178684064469962e-07
2.830962616921321442e-07
2.557031922497306495e-07
2.295690932167341607e-07
2.047230009220394613e-07
1.811925193588118936e-07
1.590037908745974555e-07
1.381814677496132908e-07
1.187486840710979127e-07
1.007270293840178965e-07
8.413652678266696195e-08
6.899560804167019480e-08
5.532109526029671542e-08
4.312818058238576668e-08
3.243041094928381812e-08
2.323967152051409357e-08
1.556617323927866892e-08
9.418441730228247307e-09
4.803306789350851404e-09
1.725896462782354085e-09
1.896299413791287796e-10
1.962134158854193240e-10
1.745639632844131484e-09
4.836187746567095956e-09
9.464423319135070360e-09
1.562520483370614591e-08
2.331168739525916670e-08
3.251533146434818649e-08
4.322591144282720437e-08
5.543152781228855019e-08
6.911861971659050141e-08
8.427198094906884762e-08
1.008747751995997533e-07
1.189085570748223549e-07
1.383532906018558606e-07
1.591873726169978909e-07
1.813876560063931720e-07
2.049294760553266315e-07
2.297866773896354580e-07
2.559316432855969778e-07
2.833353261640543805e-07
3.119672801569587919e-07
3.417956953022383004e-07
3.727874315906376523e-07
4.049080561211819132e-07
4.381218833652648628e-07
4.723920120260534658e-07
5.076803675230223689e-07
5.439477437363393619e-07
5.811538474157865747e-07
6.192573425896815680e-07
6.582158954178870519e-07
6.979862228935947970e-07
7.385241391766328434e-07
7.797846066637248441e-07
8.217217845422434292e-07
8.642890798604696556e-07
9.074392002261788548e-07
9.511242056170488013e-07
9.952955609312159647e-07
1.039904191646456866e-06
1.084900537110892623e-06
1.130234606350200011e-06
1.175856032690584693e-06
1.221714130306139623e-06
1.267757950766205562e-06
1.313936338842580653e-06
1.360197990093088952e-06
1.406491506964850254e-06
1.452765457858144368e-06
1.498968432489533598e-06
1.545049097995132570e-06
1.590956258882651350e-06
1.636638912098457462e-06
1.682046304463113984e-06
1.727127987590411754e-06
1.771833875618966658e-06
1.816114300279281224e-06
1.859920065960807278e-06
1.903202504334918336e-06
1.945913528089704414e-06
1.988005685700974017e-06
2.029432212058424057e-06
2.070147082792554112e-06
2.110105063420538489e-06
2.149261760564513679e-06
2.187573670949424003e-06
2.224998229808742518e-06
2.261493859142168265e-06
2.297020011828484247e-06
2.331537218106897409e-06
2.365007130133989222e-06
2.397392562247802061e-06
2.428657533748435071e-06
2.458767310346369424e-06
2.487688439541576362e-06
2.515388789407305932e-06
2.541837586337673212e-06
2.567005444653602808e-06
2.590864403314204527e-06
2.613387954930601609e-06
2.634551075963997846e-06
2.654330253963147708e-06
2.672703514801829432e-06
2.689650445179362588e-06
2.705152217341577625e-06
2.719191609064826924e-06
2.731753022011673693e-06
2.742822501270817621e-06
2.752387748383711141e-06
2.760438137035710941e-06
2.766964722233922203e-06
2.771960253333816127e-06
2.775419180404507198e-06
2.777337660594033413e-06
2.777713561978127028e-06
2.776546467853080458e-06
2.773837673923177600e-06
2.769590190373113263e-06
2.763808735946800869e-06
2.756499733358452886e-06
2.747671303815479860e-06
2.737333254732021715e-06
2.725497072179431608e-06
2.712175906527392044e-06
2.697384556308672028e-06
2.681139455636601714e-06
2.663458652444698156e-06
2.644361790427041115e-06
2.623870085945630752e-06
2.602006304641690804e-06
2.578794738046970896e-06
2.554261173681737773e-06
2.528432868113365213e-06
2.501338516758266906e-06
2.473008222203532114e-06
2.443473458531760560e-06
2.412767038606489223e-06
2.380923077952938012e-06
2.347976954493920847e-06
2.313965272134529176e-06
2.278925817241391531e-06
2.242897518674643369e-06
2.205920403971125314e-06
2.168035554935462177e-06
2.129285061454785126e-06
2.089711975905572672e-06
2.049360262823540779e-06
2.008274753902602232e-06
1.966501095296280255e-06
1.924085697287599477e-06
1.881075684107003099e-06
1.837518839013322799e-06
1.793463554555785322e-06
1.748958776026654505e-06
1.704053948614614455e-06
1.658798961301499730e-06
1.613244093423560344e-06
1.567439955903656260e-06
1.521437436924344411e-06
1.475287646416726824e-06
1.429041856700526528e-06
1.382751446972936952e-06
1.336467846317172411e-06
1.290242476711019440e-06
1.244126693814943559e-06
1.198171733829411778e-06
1.152428651766494335e-06
1.106948268751277050e-06
1.061781114586324293e-06
1.016977369872051895e-06
9.725868116798135309e-07
9.286587587808980970e-07
8.852420150991709962e-07
8.423848173085465279e-07
8.001347803580453072e-07
7.585388450692676088e-07
7.176432236614497268e-07
6.774933523819489639e-07
6.381338382155377076e-07
5.996084095905018785e-07
5.619598688610949466e-07
5.252300443459034796e-07
4.894597432543908982e-07
4.546887059457087035e-07
4.209555641843110152e-07
3.882977959908847096e-07
3.567516841940232553e-07
3.263522772023463858e-07
2.971333493325308281e-07
2.691273627656680092e-07
2.423654329083054235e-07
2.168772918291021205e-07
1.926912585048512483e-07
1.698342029972839946e-07
1.483315198077169435e-07
1.282070991592831888e-07
1.094833000555202748e-07
9.218092363501757835e-08
7.631919392755055786e-08
6.191573328114448348e-08
4.898654430244656782e-08
3.754599164906835540e-08
2.760678530222548943e-08
1.917996902041825899e-08
1.227490405616057063e-08
6.899262050552579240e-09
3.059016595585717369e-09
7.584328720611210883e-10
6.720550042397614679e-14
7.847627732833947186e-10
3.111647236172151211e-09
6.978135402846419311e-09
1.237993204246853014e-08
1.931103499330788509e-08
2.776374389649542343e-08
3.772866818962938851e-08
4.919473658067848715e-08
6.214920963050947510e-08
7.657769470389060051e-08
9.246416136458417124e-08
1.097909603231528308e-07
1.285388404603793333e-07
1.486869732521730321e-07
1.702129734937329886e-07
1.930929253527816918e-07
2.173014094590068061e-07
2.428115291053245528e-07
2.695949425183623008e-07
2.976218930565248102e-07
3.268612423686552701e-07
3.572805051810235000e-07
3.888458848244624733e-07
4.215223121661892947e-07
4.552734835054176857e-07
4.900619003933570639e-07
5.258489125618363031e-07
5.625947607038975801e-07
6.002586191063604675e-07
6.387986430193374216e-07
6.781720141013636294e-07
7.183349883810308256e-07
7.592429436265035747e-07
8.008504310078971028e-07
8.431112246872393117e-07
8.859783720005509622e-07
9.294042468965812986e-07
9.733406036716019116e-07
1.017738627595576872e-06
1.062548992791789715e-06
1.107721914195280988e-06
1.153207204396267116e-06
1.198954329299321438e-06
1.244912463190435806e-06
1.291030545876499905e-06
1.337257339972808268e-06
1.383541488042538958e-06
1.429831567367756406e-06
1.476076149605394908e-06
1.522223856002350880e-06
1.568223417199495321e-06
1.614023727114499707e-06
1.659573901413580188e-06
1.704823333466739092e-06
1.749721751043153972e-06
1.794219272118387613e-06
1.838266459497361893e-06
1.881814376769597175e-06
1.924814641895977729e-06
1.967219481535664727e-06
2.008981783892712418e-06
2.050055150822534859e-06
2.090393949198225083e-06
2.129953363609141899e-06
2.168689442842245636e-06
2.206559151396447760e-06
2.243520415667887846e-06
2.279532171615509480e-06
2.314554410946338077e-06
2.348548223451984995e-06
2.381475841861657727e-06
2.413300683290486859e-06
2.443987391131940967e-06
2.473501872065261058e-06
2.501811335579399394e-06
2.528884329944247611e-06
2.554690776849592122e-06
2.579202005303926626e-06
2.602390784052962307e-06
2.624231350001338114e-06
2.644699437522509460e-06
2.663772307916663966e-06
2.681428770578975218e-06
2.697649209792984948e-06
2.712415603826438211e-06
2.725711547727863955e-06
2.737522269905904533e-06
2.747834648412587295e-06
2.756637226634476530e-06
2.763920224542933728e-06
2.769675550536495383e-06
2.773896810618718074e-06
2.776579315207546632e-06
2.777720084464382115e-06
2.777317850070441192e-06
2.775373059667648239e-06
2.771887873009859504e-06
2.766866162406955709e-06
2.760313507839858620e-06
2.752237188374806465e-06
2.742646177278373898e-06
2.731551129582972852e-06
2.718964372316889921e-06
2.704899889553284094e-06
2.689373306719033963e-06
2.672401873423287715e-06
2.654004445101776355e-06
2.634201461108413252e-06
2.613014922954922430e-06
2.590468368405633111e-06
2.566586847052576559e-06
2.541396890561505632e-06
2.514926485286395064e-06
2.487205039850929562e-06
2.458263352878020669e-06
2.428133578646907154e-06
2.396849191121930289e-06
2.364444946945098991e-06
2.330956847688506979e-06
2.296422098998126320e-06
2.260879067665181548e-06
2.224367243286451412e-06
2.186927189858541613e-06
2.148600503145322353e-06
2.109429764196590895e-06
2.069458492570674935e-06
2.028731095412202638e-06
1.987292821562884011e-06
1.945189708566867022e-06
1.902468533820922403e-06
1.859176760395560683e-06
1.815362484780536079e-06
1.771074385370496884e-06
1.726361666361716066e-06
1.681274004017296875e-06
1.635861490415872362e-06
1.590174579124692400e-06
1.544264028948324045e-06
1.498180846345083642e-06
1.451976229619826194e-06
1.405701513856882912e-06
1.359408108747572896e-06
1.313147447667972756e-06
1.266970925950516857e-06
1.220929846557083920e-06
1.175075360867102295e-06
1.129458413906547776e-06
1.084129686468315867e-06
1.039139538416833375e-06
9.945379553973527943e-07
9.503744897720878271e-07
9.066982071814777555e-07
8.635576325133342834e-07
8.210006952798684071e-07
7.790746770671338455e-07
7.378261575041733522e-07
6.973009645250272115e-07
6.575441222622657733e-07
6.185998002727899348e-07
5.805112666124045973e-07
5.433208380978271634e-07
5.070698335292908015e-07
4.717985279493556719e-07
4.375461091221666265e-07
4.043506312001454717e-07
3.722489747559620810e-07
3.412768059263271425e-07
3.114685345195766786e-07
2.828572777483865921e-07
2.554748232223384421e-07
2.293515937168422170e-07
2.045166119420590285e-07
1.809974703448347100e-07
1.588202985421579279e-07
1.380097357876290125e-07
1.185889031418696504e-07
1.005793777153485280e-07
8.400116779938571199e-08
6.887269273410841241e-08
5.521075951975262797e-08
4.303054742157049601e-08
3.234558842990509220e-08
2.316775423357360716e-08
1.550724112083419834e-08
9.372559913363906107e-09
4.770526640385241990e-09
1.706254100971212445e-09
1.831471270937375655e-10
2.028975506126092503e-10
