-1.036208156316812837e-15
-4.292862361883938360e-15
-9.621932880084690543e-15
-1.717144944753575344e-14
-2.694141206423713100e-14
-3.878379099357213304e-14
-5.255055649892407414e-14
-6.883382752675970551e-14
-8.674542565737890190e-14
-1.068774698372483988e-13
-1.290819303297515422e-13
-1.532107773982716026e-13
-1.794120407794252969e-13
-2.073896609999792418e-13
-2.375877272697834997e-13
-2.694141206423713036e-13
-3.031649005909760625e-13
-3.386920373789810718e-13
-3.759955310063863315e-13
-4.150753814731918418e-13
-4.559315887793976529e-13
-4.985641529250036641e-13
-5.426770144367765170e-13
-5.882701733147163125e-13
-6.351955998222061950e-13
-6.834532939592463663e-13
-7.333393151990700332e-13
-7.845576040684439889e-13
-8.371081605673680315e-13
-8.906949252226089542e-13
-9.456139575074000647e-13
-1.001569197948507954e-12
-1.058708676282549277e-12
-1.116736333036290725e-12
-1.175652168209732500e-12
-1.235456181802874198e-12
-1.296148373815716022e-12
-1.357432684775024663e-12
-1.419309114680800121e-12
-1.481925693269658950e-12
-1.545134390804984597e-12
-1.608787177550160104e-12
-1.672736023768569120e-12
-1.736980929460211647e-12
-1.801521894625087279e-12
-1.866062859789963113e-12
-1.930603824954838745e-12
-1.995292819856331334e-12
-2.060129844494440476e-12
-2.124522779922699556e-12
-2.188767685614342082e-12
-2.252864561569367652e-12
-2.316665378051160116e-12
-2.380022105323102113e-12
-2.443082773121811004e-12
-2.505403292237436728e-12
-2.567131692406595431e-12
-2.628119943892670562e-12
-2.688220016959045569e-12
-2.747727971078953959e-12
-2.806347746779162224e-12
-2.864079344059670365e-12
-2.920626703447245274e-12
-2.975989824941886144e-12
-3.030168708543593783e-12
-3.083459413725601297e-12
-3.135565881014675580e-12
-3.186192050937582718e-12
-3.235337923494322712e-12
-3.283595617631362984e-12
-3.330076954929003006e-12
-3.374929965123859330e-12
-3.418154648215931957e-12
-3.459751004205221290e-12
-3.499571003355109968e-12
-3.537910705138832310e-12
-3.574326020346537445e-12
-3.609113008451458882e-12
-3.641827580243746558e-12
-3.672913824933250942e-12
-3.702075683046738925e-12
-3.729313154584208894e-12
-3.754478209809046314e-12
-3.777866908194482676e-12
-3.799183190267285681e-12
-3.818427056027455331e-12
-3.835450475738373859e-12
-3.850549508873275988e-12
-3.863724155432161717e-12
-3.874678355941796326e-12
-3.883412110402180622e-12
-3.889925418813315412e-12
-3.894366310911816038e-12
-3.896734786697682500e-12
-3.896734786697682500e-12
-3.894958429858282250e-12
-3.890813597233015537e-12
-3.884448318558497704e-12
-3.876010623571346514e-12
-3.865352482534945011e-12
-3.852917984659143258e-12
-3.838115010997474235e-12
-3.821535680496405769e-12
-3.802735903946086182e-12
-3.782011740819750196e-12
-3.759067131644163089e-12
-3.734198135892559583e-12
-3.707256723828322720e-12
-3.678538954924685607e-12
-3.648044829181647435e-12
-3.615478287125976311e-12
-3.581135388230904937e-12
-3.545016132496433312e-12
-3.507416579395794543e-12
-3.467744609982522417e-12
-3.426592343203083146e-12
-3.384107808794093688e-12
-3.339550858072470874e-12
-3.293661639721297871e-12
-3.246440153740574277e-12
-3.197738370393684346e-12
-3.147704319417243823e-12
-3.096338000811253113e-12
-3.043639414575712618e-12
-2.989756590447238085e-12
-2.934837558162447277e-12
-2.878586258248105878e-12
-2.821742839387297863e-12
-2.763863212370173170e-12
-2.705095406933347948e-12
-2.645587452813439557e-12
-2.585339350010447998e-12
-2.524351098524372463e-12
-2.462622698355213760e-12
-2.400598238712821950e-12
-2.337981660123963121e-12
-2.274920992325254230e-12
-2.211712294789928381e-12
-2.148059508044752874e-12
-2.084258691562960411e-12
-2.020457875081168351e-12
-1.956657058599375887e-12
-1.892856242117583423e-12
-1.829055425635791363e-12
-1.765254609153998899e-12
-1.701897881882056700e-12
-1.638837214083347809e-12
-1.576220635494488980e-12
-1.513752086642246704e-12
-1.452023686473088000e-12
-1.391035434987012869e-12
-1.330787332184020906e-12
-1.270983318590879207e-12
-1.211919453680820880e-12
-1.153891796927079432e-12
-1.096604288856421354e-12
-1.040649048415313465e-12
-9.854339566572889453e-13
-9.316991622654313687e-13
-8.788525462932739174e-13
-8.273381979506666539e-13
-7.771561172376095783e-13
-7.283063041541026905e-13
-6.806407289635293367e-13
-6.344554511391228246e-13
-5.900465301541165630e-13
-5.468218470620437344e-13
-5.055215505459879111e-13
-4.657015513960990305e-13
-4.276579090856102994e-13
-3.913906236145218692e-13
-3.567516652462169852e-13
-3.240370934539290054e-13
-2.932469082376580310e-13
-2.640850501241705523e-13
-2.374396975331667953e-13
-2.121266125717132514e-13
-1.888859439228932910e-13
-1.678657213233236689e-13
-1.489179150363876555e-13
-1.317464655888519179e-13
-1.166474324539497889e-13
-1.036208156316812813e-13
-9.296267459527977853e-14
-8.437694987151189707e-14
-7.771561172376095783e-14
-7.342274936187702341e-14
-7.090624383939332684e-14
-7.046215462954326422e-14
-7.238654120556020644e-14
-7.653137383082746173e-14
-8.274862276872833835e-14
-9.118631775587952806e-14
-1.018444587922810308e-13
-1.145750161413161550e-13
-1.293779898029849004e-13
-1.462533797772872798e-13
-1.653492158008399723e-13
-1.862214086637929153e-13
-2.093140475759961713e-13
-2.341830433275997031e-13
-2.612724851284535227e-13
-2.901382837687075927e-13
-3.209284689849785671e-13
-3.534950110406498425e-13
-3.879859396723380222e-13
-4.242532251434265028e-13
-4.622968674539151834e-13
-5.021168666038041650e-13
-5.437132225930932961e-13
-5.867898759485493698e-13
-6.311987969335556315e-13
-6.776801342311955523e-13
-7.251976796851522522e-13
-7.743435522418925487e-13
-8.248216924281829321e-13
-8.764840705074069504e-13
-9.296267459527978105e-13
-9.838056295545054497e-13
-1.039168751049146522e-12
-1.095568080700104474e-12
-1.152855588770762552e-12
-1.211327334734354062e-12
-1.270539229381029145e-12
-1.330787332184020906e-12
-1.391627553933479484e-12
-1.453355954102638188e-12
-1.515232384008413646e-12
-1.577996992333889230e-12
-1.641205689869214675e-12
-1.704858476614390383e-12
-1.768659293096182645e-12
-1.833052228524441927e-12
-1.897593193689317559e-12
-1.961986129117576638e-12
-2.026527094282452270e-12
-2.091364118920561412e-12
-2.155905084085437449e-12
-2.220446049250313081e-12
-2.284690954941955607e-12
-2.348639801160364624e-12
-2.411996528432306621e-12
-2.475057196231015513e-12
-2.537673774819874342e-12
-2.599846264198883108e-12
-2.660982545421575196e-12
-2.721674737434417222e-12
-2.781626780764175675e-12
-2.840690645674234003e-12
-2.898718302427975249e-12
-2.956153840235250283e-12
-3.012257110412974725e-12
-3.067324172434382490e-12
-3.121206996562856619e-12
-3.173757553061780965e-12
-3.225271901404388228e-12
-3.275305952380828347e-12
-3.324155765464335235e-12
-3.371673310918291935e-12
-3.417414499532848384e-12
-3.461675390781238093e-12
-3.504307954926844104e-12
-3.545312191969666418e-12
-3.584392042436471928e-12
-3.622139625273727250e-12
-3.657814791798348813e-12
-3.691565571746953571e-12
-3.723539994856158080e-12
-3.753738061125962338e-12
-3.781863711083133239e-12
-3.808064974464286934e-12
-3.832637910742657334e-12
-3.855138430708393571e-12
-3.875418504624879495e-12
-3.893922221701965975e-12
-3.910353522466418292e-12
-3.924564377181620296e-12
-3.936850845320805092e-12
-3.946768837674123427e-12
-3.954762443451424554e-12
-3.960831662652708474e-12
-3.964532406068125931e-12
-3.966012703434292268e-12
-3.965272554751209100e-12
-3.962459989755491767e-12
-3.957426978710524929e-12
-3.950469581089540077e-12
-3.941439767155922675e-12
-3.929893447699821047e-12
-3.916422741667702212e-12
-3.900879619322950020e-12
-3.883412110402180622e-12
-3.863872185168777866e-12
-3.842111813886124798e-12
-3.818575085764071480e-12
-3.792965941329384805e-12
-3.765580440055297879e-12
-3.735974492731959833e-12
-3.704444158832605387e-12
-3.671433527567084605e-12
-3.636350479988929254e-12
-3.599491075571374057e-12
-3.560707284577802056e-12
-3.520443196218062911e-12
-3.478550780755540472e-12
-3.434882008453617783e-12
-3.389880968522144502e-12
-3.343399631224504884e-12
-3.295289966824081165e-12
-3.245848034794107662e-12
-3.195073835134583970e-12
-3.142967367845509688e-12
-3.089824692400119130e-12
-3.035497779061794534e-12
-2.980134657567153664e-12
-2.923587298179578755e-12
-2.866151760372304125e-12
-2.807828044145329369e-12
-2.748616149498654084e-12
-2.688812135905512588e-12
-2.628119943892670562e-12
-2.566687603196745369e-12
-2.504515113817736602e-12
-2.442046564965494326e-12
-2.379133926903401988e-12
-2.315925229368076543e-12
-2.252568502096134142e-12
-2.188767685614342082e-12
-2.124966869132549618e-12
-2.060869993177524049e-12
-1.996477057749264969e-12
-1.932528211530855953e-12
-1.868727395049063489e-12
-1.805074608303887780e-12
-1.741569851295328826e-12
-1.678657213233236689e-12
-1.616188664380994615e-12
-1.554016175001985849e-12
-1.492583834306060453e-12
-1.431595582819985120e-12
-1.371347480016993359e-12
-1.311839525897084968e-12
-1.253219750196876703e-12
-1.195340123179751808e-12
-1.138348674582327240e-12
-1.082541463877835903e-12
-1.027770461329661649e-12
-9.741836966744206250e-13
-9.219291996487299912e-13
-8.707109107793561364e-13
-8.209729192761491234e-13
-7.724191656658755434e-13
-7.256417688950023148e-13
-6.801966397536792741e-13
-6.362318079785230751e-13
-5.938953033061503717e-13
-5.530390959999446110e-13
-5.139592455331391008e-13
-4.766557519057338410e-13
-4.408325556444954735e-13
-4.067857162226573564e-13
-3.748112931134528480e-13
-3.446132268436485901e-13
-3.164875768864779410e-13
-2.901382837687075927e-13
-2.658614069635708027e-13
-2.433608869978343137e-13
-2.230808130813481124e-13
-2.045770960042621869e-13
-1.881457952398098701e-13
-1.740829702612245455e-13
-1.619445318586561758e-13
-1.517304800321047356e-13
-1.441809634646536711e-13
-1.382597739999861528e-13
-1.348550900578023562e-13
-1.335228224282521683e-13
-1.342629711113355892e-13
-1.370755361070526693e-13
-1.421085471520200372e-13
-1.495100339828544225e-13
-1.588359073897057375e-13
-1.702341971091906611e-13
-1.837049031413092440e-13
-1.993960552226781147e-13
-2.170115938800639402e-13
-2.366995488500833744e-13
-2.584599201327364426e-13
-2.825887672012565283e-13
-3.084939711091768139e-13
-3.360275021198806961e-13
-3.656334494432182375e-13
-3.973118130791893371e-13
-4.309145632911774421e-13
-4.661456406059490931e-13
-5.033011044967375980e-13
-5.420848954903098005e-13
-5.826450433232821524e-13
-6.248335182590381010e-13
-6.685022905609608912e-13
-7.137993899656672781e-13
-7.607248164731572615e-13
-8.088344808735806779e-13
-8.585724723767876909e-13
-9.096427315095449928e-13
-9.618972285352356266e-13
-1.015483993190476448e-12
-1.070403025475267660e-12
-1.126506295652992102e-12
-1.183349714513800117e-12
-1.241229341530925012e-12
-1.299997146967750032e-12
-1.359801160560891731e-12
-1.420345322837117001e-12
-1.481777663533042195e-12
-1.543802123175434409e-12
-1.606566731500909790e-12
-1.669775429036235437e-12
-1.733132156308177636e-12
-1.797081002526586653e-12
-1.861177878481612424e-12
-1.925866873383105013e-12
-1.990407838547980646e-12
-2.055244863186089788e-12
-2.119933858087582377e-12
-2.184918912462308072e-12
-2.249459877627183704e-12
-2.314000842792059740e-12
-2.378097718747085310e-12
-2.442194594702110879e-12
-2.505551321974053280e-12
-2.568463960036145619e-12
-2.631080538625004448e-12
-2.692660909057546195e-12
-2.754093249753471793e-12
-2.814637412029696861e-12
-2.874293395886221805e-12
-2.933061201323047027e-12
-2.990940828340171720e-12
-3.047932276937596288e-12
-3.103887517378704177e-12
-3.158658519926878836e-12
-3.212393314318736412e-12
-3.264647811344426844e-12
-3.315570040740567492e-12
-3.365308032243774505e-12
-3.413565726380814778e-12
-3.460491152888304458e-12
-3.505936282029627802e-12
-3.549605054331550491e-12
-3.591793529267306440e-12
-3.632353677100278691e-12
-3.670989438357234542e-12
-3.707848842774789739e-12
-3.743079920089560835e-12
-3.776534640564932488e-12
-3.807916944727669977e-12
-3.837522892051008023e-12
-3.865500512271561968e-12
-3.891257686442865600e-12
-3.914942444301535067e-12
-3.936702815584188136e-12
-3.956390770554207847e-12
-3.974006309211593395e-12
-3.989401401819729438e-12
-4.002872107851847465e-12
-4.014270397571332944e-12
-4.023744300714800408e-12
-4.030701698335785261e-12
-4.035734709380752099e-12
-4.038695304113086388e-12
-4.039435452796169557e-12
-4.037955155430002412e-12
-4.034402441751201911e-12
-4.028629282023151097e-12
-4.020487646509233821e-12
-4.010421624419298530e-12
-3.998283186016730690e-12
-3.984072331301528686e-12
-3.967789060273692519e-12
-3.949729432406456908e-12
-3.929449358489970985e-12
-3.906800808787617791e-12
-3.882523931982480496e-12
-3.856026609128093696e-12
-3.827752929434306646e-12
-3.797554863164502388e-12
-3.765580440055297879e-12
-3.731829660106693120e-12
-3.696154493582071154e-12
-3.658554940481432789e-12
-3.619475090014626875e-12
-3.578470852971804561e-12
-3.535986318562815103e-12
-3.491873457051042351e-12
-3.446280298173102454e-12
-3.399206841928995817e-12
-3.350357028845488929e-12
-3.300619037342281916e-12
-3.249252718736291610e-12
-3.196850191973984221e-12
-3.143263427318743197e-12
-3.088492424770568943e-12
-3.032537184329461053e-12
-2.975545735732036081e-12
-2.917666108714911388e-12
-2.858750273541469613e-12
-2.799242319421561223e-12
-2.738846186881952707e-12
-2.678005965132494128e-12
-2.616277564963335425e-12
-2.554105075584326658e-12
-2.491488496995467830e-12
-2.428575858933375895e-12
-2.365071101924816941e-12
-2.301418315179641030e-12
-2.237617498697848970e-12
-2.173668652479439953e-12
-2.109719806261030937e-12
-2.045622930306004963e-12
-1.981674084087595946e-12
-1.917873267605803886e-12
-1.854368510597244932e-12
-1.791159813061919286e-12
-1.728247174999826947e-12
-1.665926655884201628e-12
-1.604198255715042924e-12
-1.542617885282500774e-12
-1.482073723006275705e-12
-1.422269709413133805e-12
-1.363057814766458924e-12
-1.304882128276100721e-12
-1.247594620205442644e-12
-1.191195290554484691e-12
-1.135980198796460172e-12
-1.081653285458135778e-12
-1.028510610012745019e-12
-9.767002021969044478e-13
-9.262220620106138625e-13
-8.772242191904903208e-13
-8.295586439999169670e-13
-7.827812472290437384e-13
-7.379282370341874142e-13
-6.947035539421145856e-13
-6.531071979528254545e-13
-6.131391690663198190e-13
-5.745034078093643714e-13
-5.379400628650424821e-13
-5.033011044967375980e-13
-4.704385029678329644e-13
-4.392042285417119274e-13
-4.100423704282244991e-13
-3.828048988907539751e-13
-3.574918139293004060e-13
-3.342511452804804456e-13
-3.127868334710607862e-13
-2.933949379742746849e-13
-2.763715182633556516e-13
-2.611244553918368183e-13
-2.479498088329516442e-13
-2.368475785867000788e-13
-2.279657943896988265e-13
-2.214524859785645663e-13
-2.167155344068305567e-13
-2.140509991477301810e-13
-2.136069099378801184e-13
