1.543068339771025421e-09
6.170558878674607486e-09
1.387733128410673089e-08
2.465482188777438558e-08
3.849105774852053924e-08
5.537066583016780896e-08
7.527489239341396431e-08
9.818162342393559040e-08
1.240654090572945734e-07
1.528974920006476168e-07
1.846458390630800750e-07
2.192751769788022494e-07
2.567470316350295434e-07
2.970197711486359240e-07
3.400486517553720786e-07
3.857858666596787897e-07
4.341806013978081738e-07
4.851790883127667913e-07
5.387246669504482926e-07
5.947578469722714090e-07
6.532163743244723264e-07
7.140353006640509648e-07
7.771470547091041681e-07
8.424815177339913790e-07
9.099661021731245709e-07
9.795258315570265495e-07
1.051083423557012560e-06
1.124559376582586315e-06
1.199872057267015180e-06
1.276937792393795235e-06
1.355670960082970163e-06
1.435984086898637765e-06
1.517787943624189898e-06
1.600991644738295912e-06
1.685502750407389835e-06
1.771227366997862873e-06
1.858070253657473359e-06
1.945934926676310635e-06
2.034723767548503919e-06
2.124338130589838773e-06
2.214678453367942883e-06
2.305644366540349210e-06
2.397134806801185743e-06
2.489048127015299532e-06
2.581282211089330758e-06
2.673734585734166558e-06
2.766302535928133466e-06
2.858883218159746775e-06
2.951373774410607449e-06
3.043671447618597530e-06
3.135673694328507726e-06
3.227278299711144882e-06
3.318383490361990436e-06
3.408888049172276169e-06
3.498691424870988602e-06
3.587693844823528717e-06
3.675796428718550952e-06
3.762901293669074221e-06
3.848911666715082447e-06
3.933731989924638128e-06
4.017268028011500292e-06
4.099426972992148421e-06
4.180117546030241535e-06
4.259250100613343193e-06
4.336736719956491015e-06
4.412491317514384739e-06
4.486429729944063638e-06
4.558469811991964868e-06
4.628531527828272374e-06
4.696537038976582132e-06
4.762410791947502275e-06
4.826079601431369590e-06
4.887472731714599852e-06
4.946521975579543096e-06
5.003161729799643354e-06
5.057329067970073311e-06
5.108963810821857785e-06
5.158008592391165145e-06
5.204408924856333649e-06
5.248113257453705480e-06
5.289073035245432472e-06
5.327242752262151271e-06
5.362580002573243312e-06
5.395045526768171840e-06
5.424603256069342003e-06
5.451220352004071401e-06
5.474867243560055385e-06
5.495517659159787627e-06
5.513148656266508851e-06
5.527740646993350992e-06
5.539277420307797684e-06
5.547746158759044213e-06
5.553137453429002335e-06
5.555445315034527973e-06
5.554667179256493434e-06
5.550803911180679506e-06
5.543859802337181009e-06
5.533842567295721437e-06
5.520763335672048036e-06
5.504636637621018735e-06
5.485480390513923318e-06
5.463315876585994602e-06
5.438167719991800389e-06
5.410063860011860015e-06
5.379035520114427982e-06
5.345117171984270499e-06
5.308346498959319412e-06
5.268764352509928792e-06
5.226414708570104040e-06
5.181344616171183568e-06
5.133604148443993154e-06
5.083246344443163686e-06
5.030327150971440439e-06
4.974905361147345481e-06
4.917042547939824523e-06
4.856802996518657003e-06
4.794253632015947439e-06
4.729463947287608314e-06
4.662505922681248194e-06
4.593453948172528292e-06
4.522384740024421035e-06
4.449377255670110096e-06
4.374512606375446921e-06
4.297873966052634387e-06
4.219546479777847026e-06
4.139617169496290217e-06
4.058174836470603189e-06
3.975309962693056129e-06
3.891114610669414539e-06
3.805682321574484821e-06
3.719108010447058632e-06
3.631487861236829769e-06
3.542919220667073432e-06
3.453500487952491323e-06
3.363331007773714181e-06
3.272510957774699136e-06
3.181141240204965470e-06
3.089323366456397935e-06
2.997159346929123558e-06
2.904751576456495503e-06
2.812202720026135694e-06
2.719615599981276784e-06
2.627093081445745166e-06
2.534737957748944837e-06
2.442652835554781632e-06
2.350940022211034375e-06
2.259701412062516728e-06
2.169038371431971417e-06
2.079051628633976634e-06
1.989841159103870279e-06
1.901506077039982756e-06
1.814144523789214650e-06
1.727853558897152197e-06
1.642729052342417617e-06
1.558865579287527225e-06
1.476356313053391437e-06
1.395292922682737521e-06
1.315765471095649678e-06
1.237862313689201296e-06
1.161670002858272710e-06
1.087273189407748527e-06
1.014754528997722668e-06
9.441945921414193182e-07
8.756717709464586479e-07
8.092621963662338658e-07
7.450396507143371965e-07
6.830754862482043537e-07
6.234385461212355040e-07
5.661950887395997851e-07
5.114087130072183501e-07
4.591402863833120010e-07
4.094478813776447623e-07
3.623867076048744038e-07
3.180090499081226754e-07
2.763642137360022843e-07
2.374984671149604765e-07
2.014549910593169961e-07
1.682738304253916795e-07
1.379918502427320555e-07
1.106426944138168696e-07
8.625674885465173247e-08
6.486110700384035998e-08
4.647953962451841631e-08
3.113246904717925645e-08
1.883694666915403104e-08
9.606632526507988642e-09
3.451781971364198398e-09
3.792332374056665554e-10
3.924001864182476442e-10
3.491267719368806866e-09
9.672393256702585914e-09
1.892890955090820171e-08
3.125053193997473500e-08
4.662357122597882153e-08
6.503094729382041805e-08
8.645220939129671933e-08
1.108635577414436998e-07
1.382378704839481998e-07
1.685447349094223164e-07
2.017504785456480931e-07
2.378182098657551642e-07
2.767078560358034464e-07
3.183762101362693228e-07
3.627769773473232817e-07
4.098608276474162140e-07
4.595754499921629885e-07
5.118656103419993997e-07
5.666732127984630552e-07
6.239373653293966981e-07
6.835944462342998778e-07
7.455781751986023664e-07
8.098196868644436108e-07
8.762476082502246300e-07
9.447881360221307406e-07
1.015365120871081217e-06
1.087900149965292940e-06
1.162312636360240958e-06
1.238519905744084326e-06
1.316437291176697499e-06
1.395978224572047566e-06
1.477054335137969025e-06
1.559575545743522747e-06
1.643450174615423975e-06
1.728585035702205227e-06
1.814885542887149535e-06
1.902255815089404223e-06
1.990598782993421072e-06
2.079816296370514454e-06
2.169809233916927031e-06
2.260477612203715125e-06
2.351720698179349256e-06
2.443437119747926545e-06
2.535524978715860460e-06
2.627881965070836497e-06
2.720405469780473595e-06
2.812992698627188919e-06
2.905540785450947634e-06
2.997946910573053618e-06
3.090108409153913271e-06
3.181922889616828343e-06
3.273288345706504288e-06
3.364103270175888838e-06
3.454266767436801284e-06
3.543678665618443802e-06
3.632239628181821445e-06
3.719851263757808273e-06
3.806416235245061681e-06
3.891838369796118968e-06
3.976022763030329088e-06
4.058875886355413534e-06
4.140305689848133852e-06
4.220221705431015380e-06
4.298535147088482042e-06
4.375159008714509148e-06
4.450008160776046204e-06
4.522999446976427862e-06
4.594051773961401089e-06
4.663086203097559043e-06
4.730026037809882858e-06
4.794796908254757475e-06
4.857326854216618792e-06
4.917546405932189848e-06
4.975388658993533206e-06
5.030789352211684218e-06
5.083686935118218550e-06
5.134022639611639058e-06
5.181740542721986933e-06
5.226787630707718790e-06
5.269113856047151309e-06
5.308672195466120250e-06
5.345418699379915303e-06
5.379312543407621661e-06
5.410316071892869352e-06
5.438394839648215587e-06
5.463517652071203656e-06
5.485656597858934447e-06
5.504787080834461221e-06
5.520887847036230575e-06
5.533941009142988130e-06
5.543932065125527040e-06
5.550849914826017084e-06
5.554686872688563426e-06
5.555438676196899905e-06
5.553104490019222794e-06
5.547686906748339197e-06
5.539191946013488632e-06
5.527629044858410432e-06
5.513011050635914692e-06
5.495354202800228904e-06
5.474678118400078120e-06
5.451005768097871851e-06
5.424363451744795839e-06
5.394780768330775800e-06
5.362290584454143527e-06
5.326928995981934825e-06
5.288735289118069907e-06
5.247751896734579966e-06
5.204024351298149234e-06
5.157601233503801744e-06
5.108534118392071832e-06
5.056877519689824588e-06
5.002688827193679799e-06
4.946028244301459154e-06
4.886958720066540515e-06
4.825545880660087050e-06
4.761857955356181740e-06
4.695965700444541632e-06
4.627942322107021958e-06
4.557863393668999854e-06
4.485806772258627007e-06
4.411852512949583818e-06
4.336082778610972355e-06
4.258581748276905707e-06
4.179435526256251685e-06
4.098732043100739020e-06
4.016560959977748077e-06
3.933013569342354479e-06
3.848182691612578310e-06
3.762162574065067939e-06
3.675048785289902753e-06
3.586938108609179825e-06
3.497928434459396385e-06
3.408118653365951094e-06
3.317608543736601849e-06
3.226498662911581050e-06
3.134890233328727856e-06
3.042885033277542561e-06
2.950585280103723562e-06
2.858093520075044580e-06
2.765512511437862031e-06
2.672945112358604547e-06
2.580494166200727239e-06
2.488262386357575906e-06
2.396352242861610193e-06
2.304865848845594201e-06
2.213904846559699990e-06
2.123570294424818268e-06
2.033962555714197151e-06
1.945181184570543564e-06
1.857324818684465532e-06
1.770491067235961277e-06
1.684776404016948396e-06
1.600276058777438948e-06
1.517083912420484234e-06
1.435292393381359943e-06
1.354992372526453437e-06
1.276273064713488333e-06
1.199221928427363082e-06
1.123924568228555240e-06
1.050464641494386342e-06
9.789237630878726525e-07
9.093814159477631165e-07
8.419148634549363779e-07
7.765990619468254863e-07
7.135065787089445166e-07
6.527075105585330422e-07
5.942694061289444107e-07
5.382571920028075257e-07
4.847330985491282718e-07
4.337565924217301472e-07
3.853843096498129070e-07
3.396699922812255737e-07
2.966644307988985929e-07
2.564154047609197859e-07
2.189676320263345133e-07
1.843627176848864628e-07
1.526391089079481844e-07
1.238320509836891296e-07
9.797354971752270103e-08
7.509233442467196117e-08
5.521382669589532794e-08
3.836011153168783494e-08
2.454991439767202985e-08
1.379857857604823397e-08
6.118048734293779489e-09
1.516858342635411411e-09
1.199040866595169064e-13
1.569518145079958465e-09
6.223309275317963538e-09
1.395632320821960093e-08
2.475996800181216520e-08
3.862224051687235260e-08
5.552774018369177611e-08
7.545768365702087976e-08
9.838992864885653944e-08
1.242989965769917553e-07
1.531561024670224924e-07
1.849291848543543892e-07
2.195829435317856741e-07
2.570788772970900027e-07
2.973753270296697337e-07
3.404275226159825252e-07
3.861876317993543908e-07
4.346048146549226785e-07
4.856252777685199362e-07
5.391923374453710949e-07
5.952464784778991342e-07
6.537254243118203450e-07
7.145642030674063134e-07
7.776952222945018294e-07
8.430483416551245429e-07
9.105509524154342671e-07
9.801280582699689603e-07
1.051702357646178143e-06
1.125194330597878434e-06
1.200522325698708977e-06
1.277602652560716479e-06
1.356349673760822275e-06
1.436675899727883229e-06
1.518492087182465866e-06
1.601707336984503627e-06
1.686229195681695051e-06
1.771963758390171506e-06
1.858815773007431057e-06
1.946688745757541028e-06
2.035485048660726999e-06
2.125106028335229429e-06
2.215452113910979744e-06
2.306422931308560464e-06
2.397917410708790602e-06
2.489833900239565072e-06
2.582070280550870838e-06
2.674524075985118543e-06
2.767092569744278308e-06
2.859672917724746195e-06
2.952162262648272417e-06
3.044457848488946183e-06
3.136457134012005099e-06
3.228057907792939669e-06
3.319158401460242658e-06
3.409657401457858679e-06
3.499454363620202457e-06
3.588449523306280753e-06
3.676544006421996518e-06
3.763639940442450087e-06
3.849640561585469620e-06
3.934450323317406628e-06
4.017975002046370037e-06
4.100121801779247996e-06
4.180799458186612583e-06
4.259918337782646156e-06
4.337390540509744596e-06
4.413129994773612452e-06
4.487052554846826524e-06
4.559076092203184771e-06
4.629120589516588780e-06
4.697108228146618103e-06
4.762963473403658554e-06
4.826613161886446526e-06
4.887986577865414781e-06
4.947015536771459665e-06
5.003634457582488246e-06
5.057780437430399636e-06
5.109393320286888432e-06
5.158415764465000372e-06
5.204793307456156981e-06
5.248474423513727061e-06
5.289410583605065788e-06
5.327556308110104055e-06
5.362869217151455814e-06
5.395310079000144490e-06
5.424842851819988709e-06
5.451434725411985482e-06
5.475056156297360324e-06
5.495680901172288011e-06
5.513286046661865405e-06
5.527852032708817184e-06
5.539362678182631519e-06
5.547805193610126459e-06
5.553170200123247469e-06
5.555451736860561596e-06
5.554647269256918207e-06
5.550757691115866713e-06
5.543787323425419800e-06
5.533743910657307197e-06
5.520638610700956406e-06
5.504485983169142380e-06
5.485303973706834313e-06
5.463113893119005318e-06
5.437940394574051858e-06
5.409811445330110949e-06
5.378758296240941470e-06
5.344815447413016521e-06
5.308020608237503005e-06
5.268414658014346039e-06
5.226041598582753522e-06
5.180948505471387286e-06
5.133185477124158069e-06
5.082805577760751703e-06
5.029864778460790831e-06
4.974421896619674044e-06
4.916538528595045157e-06
4.856278981909174966e-06
4.793710205082864398e-06
4.728901711400131283e-06
4.661925502228807070e-06
4.592855988416744140e-06
4.521769905174721771e-06
4.448746228587670451e-06
4.373866087536981695e-06
4.297212674882662689e-06
4.218871150799922795e-06
4.138928553073147234e-06
4.057473697027802473e-06
3.974597079607160119e-06
3.890390776047543589e-06
3.804948339218109606e-06
3.718364696592146856e-06
3.630736041297192525e-06
3.542159729678454834e-06
3.452734169980450123e-06
3.362558713841205200e-06
3.271733546602225477e-06
3.180359575101950657e-06
3.088538316061336435e-06
2.996371783285193498e-06
2.903962374271410692e-06
2.811412756376086008e-06
2.718825752534570483e-06
2.626304227722660915e-06
2.533950973789463650e-06
2.441868596214646914e-06
2.350159399089335466e-06
2.258925272021391255e-06
2.168267577040694505e-06
2.078287035504426068e-06
1.989083617518853327e-06
1.900756428400522276e-06
1.813403600614549305e-06
1.727122184380647241e-06
1.642008040055505495e-06
1.558155729330934491e-06
1.475658414573643995e-06
1.394607750763536155e-06
1.315093786757870475e-06
1.237204863594835610e-06
1.161027517386041149e-06
1.086646382209011108e-06
1.014144096700420050e-06
9.436012125737155403e-07
8.750961037288599326e-07
8.087048811352323102e-07
7.445013063822614185e-07
6.825567110032201273e-07
6.229399165391669158e-07
5.657171587477213253e-07
5.109520134401653851e-07
4.587053249830811965e-07
4.090351414613261896e-07
3.619966471764731195e-07
3.176421031388561586e-07
2.760207875596165650e-07
2.371789435962057269e-07
2.011597247294124309e-07
1.680031496142930791e-07
1.377460557468642428e-07
1.104220596441033845e-07
8.606151850424718897e-08
6.469149808433864702e-08
4.633574087383370694e-08
3.101463974530815904e-08
1.874521782241345136e-08
9.541106127386456137e-09
3.412530998521864135e-09
3.663012115850960981e-10
4.058011704444197676e-10
