4.999999999999999584e-02
1.000000000000000194e-01
1.500000000000000500e-01
2.000000000000000944e-01
2.500000000000001110e-01
3.000000000000001554e-01
3.500000000000001998e-01
4.000000000000002442e-01
4.500000000000002887e-01
5.000000000000003331e-01
5.500000000000003775e-01
6.000000000000004219e-01
6.500000000000004663e-01
7.000000000000005107e-01
7.500000000000005551e-01
8.000000000000005995e-01
8.500000000000006439e-01
9.000000000000006883e-01
9.500000000000007327e-01
1.000000000000000666e+00
1.049999999999999600e+00
1.099999999999998535e+00
1.149999999999997469e+00
1.199999999999996403e+00
1.249999999999995337e+00
1.299999999999994271e+00
1.349999999999993205e+00
1.399999999999992140e+00
1.449999999999991074e+00
1.499999999999990008e+00
1.549999999999988942e+00
1.599999999999987876e+00
1.649999999999986811e+00
1.699999999999985745e+00
1.749999999999984679e+00
1.799999999999983613e+00
1.849999999999982547e+00
1.899999999999981481e+00
1.949999999999980416e+00
1.999999999999979350e+00
2.049999999999978506e+00
2.099999999999977440e+00
2.149999999999976374e+00
2.199999999999975309e+00
2.249999999999974243e+00
2.299999999999973177e+00
2.349999999999972111e+00
2.399999999999971045e+00
2.449999999999969980e+00
2.499999999999968914e+00
2.549999999999967848e+00
2.599999999999966782e+00
2.649999999999965716e+00
2.699999999999964650e+00
2.749999999999963585e+00
2.799999999999962519e+00
2.849999999999961453e+00
2.899999999999960387e+00
2.949999999999959321e+00
2.999999999999958256e+00
3.049999999999957190e+00
3.099999999999956124e+00
3.149999999999955058e+00
3.199999999999953992e+00
3.249999999999952927e+00
3.299999999999951861e+00
3.349999999999950795e+00
3.399999999999949729e+00
3.449999999999948663e+00
3.499999999999947597e+00
3.549999999999946532e+00
3.599999999999945466e+00
3.649999999999944400e+00
3.699999999999943334e+00
3.749999999999942268e+00
3.799999999999941203e+00
3.849999999999940137e+00
3.899999999999939071e+00
3.949999999999938005e+00
3.999999999999936939e+00
4.049999999999935874e+00
4.099999999999934808e+00
4.149999999999933742e+00
4.199999999999932676e+00
4.249999999999931610e+00
4.299999999999930544e+00
4.349999999999929479e+00
4.399999999999928413e+00
4.449999999999927347e+00
4.499999999999926281e+00
4.549999999999925215e+00
4.599999999999924150e+00
4.649999999999923084e+00
4.699999999999922018e+00
4.749999999999920952e+00
4.799999999999919886e+00
4.849999999999918820e+00
4.899999999999917755e+00
4.949999999999916689e+00
4.999999999999915623e+00
5.049999999999914557e+00
5.099999999999913491e+00
5.149999999999912426e+00
5.199999999999911360e+00
5.249999999999910294e+00
5.299999999999909228e+00
5.349999999999908162e+00
5.399999999999907097e+00
5.449999999999906031e+00
5.499999999999904965e+00
5.549999999999903899e+00
5.599999999999902833e+00
5.649999999999901767e+00
5.699999999999900702e+00
5.749999999999899636e+00
5.799999999999898570e+00
5.849999999999897504e+00
5.899999999999896438e+00
5.949999999999895373e+00
5.999999999999894307e+00
6.049999999999893241e+00
6.099999999999892175e+00
6.149999999999891109e+00
6.199999999999890044e+00
6.249999999999888978e+00
6.299999999999887912e+00
6.349999999999886846e+00
6.399999999999885780e+00
6.449999999999884714e+00
6.499999999999883649e+00
6.549999999999882583e+00
6.599999999999881517e+00
6.649999999999880451e+00
6.699999999999879385e+00
6.749999999999878320e+00
6.799999999999877254e+00
6.849999999999876188e+00
6.899999999999875122e+00
6.949999999999874056e+00
6.999999999999872990e+00
7.049999999999871925e+00
7.099999999999870859e+00
7.149999999999869793e+00
7.199999999999868727e+00
7.249999999999867661e+00
7.299999999999866596e+00
7.349999999999865530e+00
7.399999999999864464e+00
7.449999999999863398e+00
7.499999999999862332e+00
7.549999999999861267e+00
7.599999999999860201e+00
7.649999999999859135e+00
7.699999999999858069e+00
7.749999999999857003e+00
7.799999999999855937e+00
7.849999999999854872e+00
7.899999999999853806e+00
7.949999999999852740e+00
7.999999999999851674e+00
8.049999999999858602e+00
8.099999999999866418e+00
8.149999999999874234e+00
8.199999999999882050e+00
8.249999999999889866e+00
8.299999999999897682e+00
8.349999999999905498e+00
8.399999999999913314e+00
8.449999999999921130e+00
8.499999999999928946e+00
8.549999999999936762e+00
8.599999999999944578e+00
8.649999999999952394e+00
8.699999999999960210e+00
8.749999999999968026e+00
8.799999999999975842e+00
8.849999999999983658e+00
8.899999999999991473e+00
8.949999999999999289e+00
9.000000000000007105e+00
9.050000000000014921e+00
9.100000000000022737e+00
9.150000000000030553e+00
9.200000000000038369e+00
9.250000000000046185e+00
9.300000000000054001e+00
9.350000000000061817e+00
9.400000000000069633e+00
9.450000000000077449e+00
9.500000000000085265e+00
9.550000000000093081e+00
9.600000000000100897e+00
9.650000000000108713e+00
9.700000000000116529e+00
9.750000000000124345e+00
9.800000000000132161e+00
9.850000000000139977e+00
9.900000000000147793e+00
9.950000000000155609e+00
1.000000000000016342e+01
1.005000000000017124e+01
1.010000000000017906e+01
1.015000000000018687e+01
1.020000000000019469e+01
1.025000000000020250e+01
1.030000000000021032e+01
1.035000000000021814e+01
1.040000000000022595e+01
1.045000000000023377e+01
1.050000000000024158e+01
1.055000000000024940e+01
1.060000000000025722e+01
1.065000000000026503e+01
1.070000000000027285e+01
1.075000000000028066e+01
1.080000000000028848e+01
1.085000000000029630e+01
1.090000000000030411e+01
1.095000000000031193e+01
1.100000000000031974e+01
1.105000000000032756e+01
1.110000000000033538e+01
1.115000000000034319e+01
1.120000000000035101e+01
1.125000000000035882e+01
1.130000000000036664e+01
1.135000000000037446e+01
1.140000000000038227e+01
1.145000000000039009e+01
1.150000000000039790e+01
1.155000000000040572e+01
1.160000000000041354e+01
1.165000000000042135e+01
1.170000000000042917e+01
1.175000000000043698e+01
1.180000000000044480e+01
1.185000000000045262e+01
1.190000000000046043e+01
1.195000000000046825e+01
1.200000000000047606e+01
1.205000000000048388e+01
1.210000000000049170e+01
1.215000000000049951e+01
1.220000000000050733e+01
1.225000000000051514e+01
1.230000000000052296e+01
1.235000000000053078e+01
1.240000000000053859e+01
1.245000000000054641e+01
1.250000000000055422e+01
1.255000000000056204e+01
1.260000000000056986e+01
1.265000000000057767e+01
1.270000000000058549e+01
1.275000000000059330e+01
1.280000000000060112e+01
1.285000000000060894e+01
1.290000000000061675e+01
1.295000000000062457e+01
1.300000000000063238e+01
1.305000000000064020e+01
1.310000000000064801e+01
1.315000000000065583e+01
1.320000000000066365e+01
1.325000000000067146e+01
1.330000000000067928e+01
1.335000000000068709e+01
1.340000000000069491e+01
1.345000000000070273e+01
1.350000000000071054e+01
1.355000000000071836e+01
1.360000000000072617e+01
1.365000000000073399e+01
1.370000000000074181e+01
1.375000000000074962e+01
1.380000000000075744e+01
1.385000000000076525e+01
1.390000000000077307e+01
1.395000000000078089e+01
1.400000000000078870e+01
1.405000000000079652e+01
1.410000000000080433e+01
1.415000000000081215e+01
1.420000000000081997e+01
1.425000000000082778e+01
1.430000000000083560e+01
1.435000000000084341e+01
1.440000000000085123e+01
1.445000000000085905e+01
1.450000000000086686e+01
1.455000000000087468e+01
1.460000000000088249e+01
1.465000000000089031e+01
1.470000000000089813e+01
1.475000000000090594e+01
1.480000000000091376e+01
1.485000000000092157e+01
1.490000000000092939e+01
1.495000000000093721e+01
1.500000000000094502e+01
1.505000000000095284e+01
1.510000000000096065e+01
1.515000000000096847e+01
1.520000000000097629e+01
1.525000000000098410e+01
1.530000000000099192e+01
1.535000000000099973e+01
1.540000000000100755e+01
1.545000000000101537e+01
1.550000000000102318e+01
1.555000000000103100e+01
1.560000000000103881e+01
1.565000000000104663e+01
1.570000000000105445e+01
1.575000000000106226e+01
1.580000000000107008e+01
1.585000000000107789e+01
1.590000000000108571e+01
1.595000000000109353e+01
1.600000000000110134e+01
1.605000000000109139e+01
1.610000000000108145e+01
1.615000000000107150e+01
1.620000000000106155e+01
1.625000000000105160e+01
1.630000000000104166e+01
1.635000000000103171e+01
1.640000000000102176e+01
1.645000000000101181e+01
1.650000000000100187e+01
1.655000000000099192e+01
1.660000000000098197e+01
1.665000000000097202e+01
1.670000000000096207e+01
1.675000000000095213e+01
1.680000000000094218e+01
1.685000000000093223e+01
1.690000000000092228e+01
1.695000000000091234e+01
1.700000000000090239e+01
1.705000000000089244e+01
1.710000000000088249e+01
1.715000000000087255e+01
1.720000000000086260e+01
1.725000000000085265e+01
1.730000000000084270e+01
1.735000000000083276e+01
1.740000000000082281e+01
1.745000000000081286e+01
1.750000000000080291e+01
1.755000000000079297e+01
1.760000000000078302e+01
1.765000000000077307e+01
1.770000000000076312e+01
1.775000000000075318e+01
1.780000000000074323e+01
1.785000000000073328e+01
1.790000000000072333e+01
1.795000000000071338e+01
1.800000000000070344e+01
1.805000000000069349e+01
1.810000000000068354e+01
1.815000000000067359e+01
1.820000000000066365e+01
1.825000000000065370e+01
1.830000000000064375e+01
1.835000000000063380e+01
1.840000000000062386e+01
1.845000000000061391e+01
1.850000000000060396e+01
1.855000000000059401e+01
1.860000000000058407e+01
1.865000000000057412e+01
1.870000000000056417e+01
1.875000000000055422e+01
1.880000000000054428e+01
1.885000000000053433e+01
1.890000000000052438e+01
1.895000000000051443e+01
1.900000000000050449e+01
1.905000000000049454e+01
1.910000000000048459e+01
1.915000000000047464e+01
1.920000000000046469e+01
1.925000000000045475e+01
1.930000000000044480e+01
1.935000000000043485e+01
1.940000000000042490e+01
1.945000000000041496e+01
1.950000000000040501e+01
1.955000000000039506e+01
1.960000000000038511e+01
1.965000000000037517e+01
1.970000000000036522e+01
1.975000000000035527e+01
1.980000000000034532e+01
1.985000000000033538e+01
1.990000000000032543e+01
1.995000000000031548e+01
2.000000000000030553e+01
2.005000000000029559e+01
2.010000000000028564e+01
2.015000000000027569e+01
2.020000000000026574e+01
2.025000000000025580e+01
2.030000000000024585e+01
2.035000000000023590e+01
2.040000000000022595e+01
2.045000000000021600e+01
2.050000000000020606e+01
2.055000000000019611e+01
2.060000000000018616e+01
2.065000000000017621e+01
2.070000000000016627e+01
2.075000000000015632e+01
2.080000000000014637e+01
2.085000000000013642e+01
2.090000000000012648e+01
2.095000000000011653e+01
2.100000000000010658e+01
2.105000000000009663e+01
2.110000000000008669e+01
2.115000000000007674e+01
2.120000000000006679e+01
2.125000000000005684e+01
2.130000000000004690e+01
2.135000000000003695e+01
2.140000000000002700e+01
2.145000000000001705e+01
2.150000000000000711e+01
2.154999999999999716e+01
2.159999999999998721e+01
2.164999999999997726e+01
2.169999999999996732e+01
2.174999999999995737e+01
2.179999999999994742e+01
2.184999999999993747e+01
2.189999999999992752e+01
2.194999999999991758e+01
2.199999999999990763e+01
2.204999999999989768e+01
2.209999999999988773e+01
2.214999999999987779e+01
2.219999999999986784e+01
2.224999999999985789e+01
2.229999999999984794e+01
2.234999999999983800e+01
2.239999999999982805e+01
2.244999999999981810e+01
2.249999999999980815e+01
2.254999999999979821e+01
2.259999999999978826e+01
2.264999999999977831e+01
2.269999999999976836e+01
2.274999999999975842e+01
2.279999999999974847e+01
2.284999999999973852e+01
2.289999999999972857e+01
2.294999999999971863e+01
2.299999999999970868e+01
2.304999999999969873e+01
2.309999999999968878e+01
2.314999999999967883e+01
2.319999999999966889e+01
2.324999999999965894e+01
2.329999999999964899e+01
2.334999999999963904e+01
2.339999999999962910e+01
2.344999999999961915e+01
2.349999999999960920e+01
2.354999999999959925e+01
2.359999999999958931e+01
2.364999999999957936e+01
2.369999999999956941e+01
2.374999999999955946e+01
2.379999999999954952e+01
2.384999999999953957e+01
2.389999999999952962e+01
2.394999999999951967e+01
2.399999999999950973e+01
2.404999999999949978e+01
2.409999999999948983e+01
2.414999999999947988e+01
2.419999999999946994e+01
2.424999999999945999e+01
2.429999999999945004e+01
2.434999999999944009e+01
2.439999999999943014e+01
2.444999999999942020e+01
2.449999999999941025e+01
2.454999999999940030e+01
2.459999999999939035e+01
2.464999999999938041e+01
2.469999999999937046e+01
2.474999999999936051e+01
2.479999999999935056e+01
2.484999999999934062e+01
2.489999999999933067e+01
2.494999999999932072e+01
2.499999999999931077e+01
2.504999999999930083e+01
2.509999999999929088e+01
2.514999999999928093e+01
2.519999999999927098e+01
2.524999999999926104e+01
2.529999999999925109e+01
2.534999999999924114e+01
2.539999999999923119e+01
2.544999999999922125e+01
2.549999999999921130e+01
2.554999999999920135e+01
2.559999999999919140e+01
2.564999999999918145e+01
2.569999999999917151e+01
2.574999999999916156e+01
2.579999999999915161e+01
2.584999999999914166e+01
2.589999999999913172e+01
2.594999999999912177e+01
2.599999999999911182e+01
2.604999999999910187e+01
2.609999999999909193e+01
2.614999999999908198e+01
2.619999999999907203e+01
2.624999999999906208e+01
2.629999999999905214e+01
2.634999999999904219e+01
2.639999999999903224e+01
2.644999999999902229e+01
2.649999999999901235e+01
2.654999999999900240e+01
2.659999999999899245e+01
2.664999999999898250e+01
2.669999999999897256e+01
2.674999999999896261e+01
2.679999999999895266e+01
2.684999999999894271e+01
2.689999999999893276e+01
2.694999999999892282e+01
2.699999999999891287e+01
2.704999999999890292e+01
2.709999999999889297e+01
2.714999999999888303e+01
2.719999999999887308e+01
2.724999999999886313e+01
2.729999999999885318e+01
2.734999999999884324e+01
2.739999999999883329e+01
2.744999999999882334e+01
2.749999999999881339e+01
2.754999999999880345e+01
2.759999999999879350e+01
2.764999999999878355e+01
2.769999999999877360e+01
2.774999999999876366e+01
2.779999999999875371e+01
2.784999999999874376e+01
2.789999999999873381e+01
2.794999999999872387e+01
2.799999999999871392e+01
2.804999999999870397e+01
2.809999999999869402e+01
2.814999999999868407e+01
2.819999999999867413e+01
2.824999999999866418e+01
2.829999999999865423e+01
