1.234091288419373637e-08
4.930882161839159766e-08
1.107394812886279137e-07
1.963599611798372280e-07
3.057898568433377604e-07
4.385429814846020236e-07
5.940295257171138727e-07
7.715586785768854244e-07
9.703416964749560468e-07
1.189495408541555884e-06
1.428046139710185566e-06
1.684934038070906581e-06
1.959017783252174023e-06
2.249079658955821515e-06
2.553830960927427896e-06
2.871917724966976948e-06
3.201926742709323197e-06
3.542391838825172716e-06
3.891800386549941301e-06
4.248600029121973876e-06
4.611205574415559547e-06
4.978006041156390893e-06
5.347371812606620076e-06
5.717661879511837242e-06
6.087231129381365236e-06
6.454437656344680363e-06
6.817650054576536625e-06
7.175254667461198985e-06
7.525662754600166884e-06
7.867317552534558445e-06
8.198701187585774236e-06
8.518341422754835052e-06
8.824818194123432518e-06
9.116769923285991312e-06
9.392899563032131027e-06
9.651980361624623583e-06
9.892861312070047957e-06
1.011447226269742392e-05
1.031582867438984863e-05
1.049603599234671947e-05
1.065429362186639214e-05
1.078989848165197960e-05
1.090224813034742188e-05
1.099084344025058613e-05
1.105529081642705155e-05
1.109530394257281746e-05
1.111070505673457906e-05
1.110142573734762550e-05
1.106750720891724882e-05
1.100910015816580767e-05
1.092646406553043903e-05
1.081996605230746941e-05
1.069007924892062533e-05
1.053738069378695741e-05
1.036254877018194520e-05
1.016636019279815173e-05
9.949686556876002896e-06
9.713490466782085192e-06
9.458821259578087393e-06
9.186810344008478069e-06
8.898666172522476741e-06
8.595668875788220475e-06
8.279164574058009790e-06
7.950559398099224878e-06
7.611313240563077898e-06
7.262933273022298408e-06
6.906967248217672953e-06
6.544996625557075731e-06
6.178629544291898604e-06
5.809493679601966484e-06
5.439229012083046655e-06
5.069480539650801823e-06
4.701890970348898691e-06
4.338093426111318443e-06
3.979704183680136773e-06
3.628315496495559955e-06
3.285488517690282606e-06
2.952746366968739267e-06
2.631567360911191145e-06
2.323378446522639251e-06
2.029548860082996953e-06
1.751384043569004234e-06
1.490119845737325477e-06
1.246917029481172227e-06
1.022856115066398838e-06
8.189325786389645145e-07
6.360524305767020197e-07
4.750281874521533609e-07
3.365752639557702550e-07
2.213087930691415295e-07
1.297408922518172858e-07
6.227839000061408115e-08
1.922101618608470028e-08
7.600705250373115370e-10
6.977573481966222089e-09
3.784590122772139170e-08
9.322790894827903685e-08
1.728775386548401520e-07
2.764409148999409935e-07
4.034579141887206788e-07
5.533642126742677192e-07
7.254937921530313361e-07
9.190818981430481927e-07
1.133268439534873551e-06
1.367101809831202223e-06
1.619543115320235979e-06
1.889470791679078280e-06
2.175685585766492285e-06
2.476915884841446314e-06
2.791823368486490153e-06
3.119008951853648785e-06
3.457019002617300885e-06
3.804351801584004988e-06
4.159464212764400579e-06
4.520778539666518534e-06
4.886689536576227511e-06
5.255571537373289650e-06
5.625785681158864029e-06
5.995687192357952902e-06
6.363632687763261422e-06
6.727987477657866769e-06
7.087132828746216071e-06
7.439473155438728988e-06
7.783443108255738707e-06
8.117514527820427289e-06
8.440203234982845970e-06
8.750075622584082752e-06
9.045755024435683439e-06
9.325927833092606534e-06
9.589349334149233073e-06
9.834849234113818284e-06
1.006133686172934991e-05
1.026780601209864585e-05
1.045333941673831646e-05
1.061711281735711054e-05
1.075839862944386918e-05
1.087656917242441068e-05
1.097109945868979253e-05
1.104156952595284660e-05
1.108766630271892059e-05
1.110918499798903800e-05
1.110603001238293605e-05
1.107821536254031439e-05
1.102586461820820318e-05
1.094921035438289891e-05
1.084859311598999379e-05
1.072445990812909145e-05
1.057736220833049856e-05
1.040795351681111924e-05
1.021698645479555448e-05
1.000530942008026614e-05
9.773862818344506237e-06
9.523674885751157531e-06
9.255857121341174248e-06
8.971599349945810404e-06
8.672164434268362171e-06
8.358882668701994589e-06
8.033145865541749614e-06
7.696401173854875238e-06
7.350144651141476970e-06
6.995914615319047222e-06
6.635284812558002634e-06
6.269857424356928277e-06
5.901255950864954705e-06
5.531117996208460661e-06
5.161087995494047412e-06
4.792809905840300644e-06
4.427919908363738180e-06
4.068039131777112516e-06
3.714766455035582122e-06
3.369671401465268445e-06
3.034287165526450281e-06
2.710103802409472802e-06
2.398561606220539488e-06
2.101044709768018492e-06
1.818874937331571573e-06
1.553305931286293576e-06
1.305517578191010438e-06
1.076610772384374973e-06
8.676025182730029428e-07
6.794214174969207560e-07
5.129035378637070153e-07
3.687887012067865853e-07
2.477171954969510934e-07
1.502269304509695758e-07
7.675104596316373318e-08
2.761598949518884183e-08
3.040062868109316696e-09
3.132455184129412373e-09
2.789275610481922740e-08
7.721095733141207485e-08
1.508679421391434516e-07
2.485364604491261944e-07
3.697825796677989274e-07
5.140676139584835508e-07
6.807505195105534312e-07
8.690907415953574855e-07
1.078251504083027612e-06
1.307303529133700289e-06
1.555229165894900234e-06
1.820926912365905537e-06
2.103216307188423333e-06
2.400843178484990403e-06
2.712485213329784983e-06
3.036757834529169031e-06
3.372220351553304692e-06
3.717382362230144725e-06
4.070710373819490066e-06
4.430634616969797435e-06
4.795556020731339686e-06
5.163853315170996439e-06
5.533890236423625972e-06
5.904022794656071937e-06
6.272606579926787163e-06
6.638004065084857075e-06
6.998591884392150839e-06
7.352768042127403966e-06
7.698959032076402309e-06
8.035626827496145097e-06
8.361275712095070007e-06
8.674458927752462883e-06
8.973785099305095131e-06
9.257924416713100485e-06
9.525614541890567083e-06
9.775666218736489554e-06
1.000696855276335914e-05
1.021849394907311212e-05
1.040930267522573691e-05
1.057854703686208173e-05
1.072547514328429410e-05
1.084943424745077323e-05
1.094987364484249251e-05
1.102634712187485452e-05
1.107851493535131662e-05
1.110614532310686722e-05
1.110911553503513005e-05
1.108741237487720355e-05
1.104113226135794434e-05
1.097048079963987807e-05
1.087577186709154375e-05
1.075742622032767845e-05
1.061596962381727849e-05
1.045203051782313783e-05
1.026633722345238198e-05
1.005971470835476111e-05
9.833080922246514505e-06
9.587442720319453243e-06
9.323891388450059408e-06
9.043597795521662874e-06
8.747807192991766484e-06
8.437833683760942449e-06
8.115054381363506764e-06
7.780903296339403141e-06
7.436864962073741481e-06
7.084467840812180839e-06
6.725277535165237644e-06
6.360889830414606649e-06
5.992923605961190767e-06
5.623013643596408428e-06
5.252803364275138165e-06
4.883937526400927709e-06
4.518054919078196008e-06
4.156781081713726942e-06
3.801721080609610226e-06
3.454452379703099041e-06
3.116517829582221566e-06
2.789418815485333880e-06
2.474608584268622735e-06
2.173485788089143160e-06
1.887388270856623199e-06
1.617587123359243151e-06
1.365281036669330206e-06
1.131590975293287778e-06
9.175551953788385617e-07
7.241246340328189035e-07
5.521586823320490112e-07
4.024213670443070315e-07
2.755779563064682533e-07
1.721920034706651286e-07
9.272284214508393096e-08
3.752354738040253324e-08
6.839363742017212644e-09
8.066196599543218326e-10
