2.468230538473411081e-08
9.861955637309922939e-08
2.214832450775361394e-07
3.927274816462045237e-07
6.115914186940093461e-07
8.771026328939038902e-07
1.188081447001110291e-06
1.543146171734122163e-06
1.940719245456060900e-06
2.379034245159061811e-06
2.856143735296967634e-06
3.369927922936000186e-06
3.918104074962514005e-06
4.498236665225381806e-06
5.107748192993237332e-06
5.743930639567906837e-06
6.403957499105199056e-06
7.084896338641992295e-06
7.783721827081535594e-06
8.497329178069890077e-06
9.222547944887082849e-06
9.956156106956845137e-06
1.069489438565440764e-05
1.143548072442731287e-05
1.217462487046461206e-05
1.290904299337351271e-05
1.363547227365794792e-05
1.435068539823447509e-05
1.505150489696423752e-05
1.573481726010091469e-05
1.639758676930114234e-05
1.703686898165320335e-05
1.764982381180502102e-05
1.823372814691026633e-05
1.878598794273026934e-05
1.930414974760097380e-05
1.978591159890186191e-05
2.022913324998635781e-05
2.063184567605939529e-05
2.099225981977426159e-05
2.130877453835703855e-05
2.157998371613937744e-05
2.180468250874885788e-05
2.198187269512412095e-05
2.211076711233772585e-05
2.219079314939402176e-05
2.222159529304453335e-05
2.220303670578497796e-05
2.213519983366533589e-05
2.201838604021233436e-05
2.185311426720441469e-05
2.164011873118099061e-05
2.138034566101509881e-05
2.107494909549719259e-05
2.072528575780552273e-05
2.033290902906751890e-05
1.989956204943392132e-05
1.942716997345901936e-05
1.891783142093927950e-05
1.837380915474066606e-05
1.779752002928347565e-05
1.719152425483372326e-05
1.655851402600679384e-05
1.590130156111276355e-05
1.522280661214736597e-05
1.452604349294617236e-05
1.381410768856265217e-05
1.309016210567411595e-05
1.235742301878654284e-05
1.161914578551304089e-05
1.087861038081191187e-05
1.013910682730786125e-05
9.403920577799596003e-06
8.676317918935675194e-06
7.959531459415339710e-06
7.256745765774989629e-06
6.571083216518521133e-06
5.905590125957853140e-06
5.263223210594247803e-06
4.646836450146925493e-06
4.059168407621882579e-06
3.502830060675421464e-06
2.980293198451278158e-06
2.493879439402491016e-06
2.045749913914818308e-06
1.637895662061813033e-06
1.272128785423376485e-06
9.500743948602045092e-07
6.731633876988496468e-07
4.426260910387706518e-07
2.594867926456838050e-07
1.245591902213997464e-07
3.844277429720932560e-08
1.520165623010901306e-09
1.395541326942861815e-08
7.569326676559740008e-08
1.864594209403473150e-07
3.457617356872333403e-07
5.528924222157153307e-07
8.069311880909424417e-07
1.106749328627643081e-06
1.451014740805334213e-06
1.838197844013696573e-06
2.266578376837931945e-06
2.734253041462390239e-06
3.239143962237752465e-06
3.779007917703580688e-06
4.351446309058815132e-06
4.953915820079164880e-06
5.583739715634787423e-06
6.238119738396126670e-06
6.914148540371201079e-06
7.608822602200859819e-06
8.319055578927722267e-06
9.041692012286736330e-06
9.773521351045625166e-06
1.051129221574242933e-05
1.125172684446340554e-05
1.199153565512034447e-05
1.272743186013040353e-05
1.345614606999371612e-05
1.417444081663887800e-05
1.487912493628821589e-05
1.556706774641369861e-05
1.623521295401886277e-05
1.688059223129793546e-05
1.750033840330900148e-05
1.809169818282422776e-05
1.865204440276713171e-05
1.917888768376840858e-05
1.966988749435572004e-05
2.012286254604589431e-05
2.053580048277936498e-05
2.090686681910369771e-05
2.123441308921059090e-05
2.151698416907876776e-05
2.175332473826803797e-05
2.194238485753174928e-05
2.208332463086530234e-05
2.217551793703975704e-05
2.221855520945226203e-05
2.221224525615165740e-05
2.215661610982522234e-05
2.205191490064114040e-05
2.189860676082844293e-05
2.169737275847793967e-05
2.144910687166638391e-05
2.115491201903907381e-05
2.081609515913740438e-05
2.043416148615288458e-05
2.001080774623649822e-05
1.954791469790014352e-05
1.904753875958675735e-05
1.851190287519936456e-05
1.794338664022158619e-05
1.734451573165429750e-05
1.671795068824977193e-05
1.606647509300174193e-05
1.539298320762938488e-05
1.470046711604666712e-05
1.399200343262426391e-05
1.327073963460397540e-05
1.253988007920980863e-05
1.180267176970062337e-05
1.106238992883608849e-05
1.032232344888583953e-05
9.585760280650390541e-06
8.855972823814303369e-06
8.136203390129992385e-06
7.429649796275583640e-06
6.739451157145026627e-06
6.068673937894193862e-06
5.420298327951655892e-06
4.797205001239035482e-06
4.202162314707417842e-06
3.637814008694562062e-06
3.106667457952738687e-06
2.611082531966957276e-06
2.153261107196158264e-06
1.735237283343830535e-06
1.358868344514263526e-06
1.025826505074434181e-06
7.375914800415254175e-07
4.954439090099072018e-07
3.004596639636740165e-07
1.535050696925092388e-07
5.523305427838446507e-08
6.080245640305292909e-09
6.265032492791533514e-09
5.578659401095364956e-08
1.544249030871469586e-07
3.017417039193522341e-07
4.970824593423609511e-07
7.395792609443674337e-07
1.028154684501458860e-06
1.361526578147476130e-06
1.738213760926754503e-06
2.156542603752124261e-06
2.614654468047206137e-06
3.110513963437237191e-06
3.641917993550217954e-06
4.206505545371423502e-06
4.801768180702954872e-06
5.425061182506851765e-06
6.073615306393757671e-06
6.744549085890838569e-06
7.434881635385674578e-06
8.141545895234969521e-06
8.861402259382108654e-06
9.591252524347263303e-06
1.032785409993408621e-05
1.106793441548366805e-05
1.180820545920724385e-05
1.254537838679681272e-05
1.327617813240422606e-05
1.399735795937218086e-05
1.470571388336357718e-05
1.539809890527266134e-05
1.607143699411395232e-05
1.672273674883465938e-05
1.734910468916458021e-05
1.794775810770588009e-05
1.851603743174834449e-05
1.905141803737464556e-05
1.955152146315697337e-05
2.001412597577948910e-05
2.043717643858873961e-05
2.081879343999541371e-05
2.115728164190737098e-05
2.145113730955827691e-05
2.169905499075734307e-05
2.189993331421409911e-05
2.205287988177317970e-05
2.215721523191049869e-05
2.221247585805959451e-05
2.221841626563285027e-05
2.217501006551714227e-05
2.208245008776070145e-05
2.194114752788560091e-05
2.175173011886855079e-05
2.151503934418504477e-05
2.123212669857821311e-05
2.090424901979304195e-05
2.053286290445062795e-05
2.011961823900065838e-05
1.966635087165731838e-05
1.917507445670096899e-05
1.864797151185371149e-05
1.808738372277574058e-05
1.749580154086771699e-05
1.687585312234081775e-05
1.623029265207520666e-05
1.556198811103470803e-05
1.487390853386708936e-05
1.416911082271118080e-05
1.345072616354414663e-05
1.272194612012000903e-05
1.198600845301693066e-05
1.124618273662392198e-05
1.050575583327884033e-05
9.768017290578967504e-06
9.036244727589348713e-06
8.313689270937155512e-06
7.603561112882554860e-06
6.909015245544954289e-06
6.233137445003459995e-06
5.578930559598423336e-06
4.949301167715229419e-06
4.347046663077946960e-06
3.774842825432500604e-06
3.235231929169894112e-06
2.730611448953368381e-06
2.263223403945838992e-06
1.835144397036951199e-06
1.448276386521267108e-06
1.104338233600306699e-06
8.048580646402569982e-07
5.511664813440120270e-07
3.443906460750175156e-07
1.854492741593105620e-07
7.504855107735390585e-08
1.367899349347112548e-08
1.613269814034386634e-09
