-7.475501699142721126e-14
-2.862895106166736831e-13
-6.338633321926560072e-13
-1.116144214089824109e-12
-1.731207769732160833e-12
-2.476093404387332595e-12
-3.347840523323005510e-12
-4.342304293913912261e-12
-5.455635943008019240e-12
-6.682802459560359205e-12
-8.018474773052730598e-12
-9.456879723757083411e-12
-1.099165203299889981e-11
-1.261627839236704501e-11
-1.432335731503068571e-11
-1.610563534389560314e-11
-1.795511887318449940e-11
-1.986396232685668306e-11
-2.182357998018839485e-11
-2.382509004898262706e-11
-2.586049892746207856e-11
-2.792003665301005444e-11
-2.999526553063939382e-11
-3.207685968694325830e-11
-3.415549324851478041e-11
-3.622228443115697182e-11
-3.826805539119959576e-11
-4.028392434444564451e-11
-4.226100950669812328e-11
-4.419072515323326634e-11
-4.606418949985405952e-11
-4.787355697051983561e-11
-4.961068592971665957e-11
-5.126832292035032879e-11
-5.283891842585338573e-11
-5.431536701886822293e-11
-5.569174750993018797e-11
-5.696184265010136705e-11
-5.812017533912694489e-11
-5.916156453622534173e-11
-6.008142131956144240e-11
-6.087619297545643349e-11
-6.154217876049490642e-11
-6.207641807994453174e-11
-6.247669048775605916e-11
-6.274121962709007548e-11
-6.286941337900013550e-11
-6.286023553532989226e-11
-6.271442624476246365e-11
-6.243213353703443190e-11
-6.201498573924861503e-11
-6.146490723798099552e-11
-6.078456256849069959e-11
-5.997691232551005669e-11
-5.904580528219109638e-11
-5.799568233063231283e-11
-5.683068830345897759e-11
-5.555674439013576894e-11
-5.417932769091748924e-11
-5.270509954395189588e-11
-5.113983310896704616e-11
-4.949122593226699273e-11
-4.776667950068258506e-11
-4.597374333078126774e-11
-4.412055905807695645e-11
-4.221556437755680236e-11
-4.026719698420796313e-11
-3.828448669196404808e-11
-3.627587119581221486e-11
-3.425067636915931480e-11
-3.221822808541219274e-11
-3.018711206929462087e-11
-2.816724631315992156e-11
-2.616692048225862177e-11
-2.419560847973419381e-11
-2.226204406004702118e-11
-2.037510900739410513e-11
-1.854279692755274677e-11
-1.677354551551009731e-11
-1.507549640678007563e-11
-1.345634714766674733e-11
-1.192320316552771503e-11
-1.048331791745719427e-11
-9.142612592919855228e-12
-7.907748530063448857e-12
-6.783906769669556525e-12
-5.776268352519764449e-12
-4.889570230185806361e-12
-4.127661175819715060e-12
-3.494241932836909217e-12
-2.992125066233105355e-12
-2.623827081530786489e-12
-2.390680246359503616e-12
-2.294312887822040028e-12
-2.335021065391629236e-12
-2.512952808804887792e-12
-2.826775850432265105e-12
-3.275750041590678410e-12
-3.858099025440727052e-12
-4.571010236986694508e-12
-5.411375051759629935e-12
-6.375936815553965937e-12
-7.460402666007818038e-12
-8.659887621812837164e-12
-9.969210642187439521e-12
-1.138259856740357106e-11
-1.289427823773318421e-11
-1.449714422581867796e-11
-1.618423913403906422e-11
-1.794860556477336299e-11
-1.978210188250765700e-11
-2.167703054093787419e-11
-2.362480581534024882e-11
-2.561699001072762972e-11
-2.764470134290301562e-11
-2.969920605740602305e-11
-3.177147434030302975e-11
-3.385232834792380863e-11
-3.593273826633473100e-11
-3.800323019239234391e-11
-4.005536643110948326e-11
-4.207952504960606866e-11
-4.406712032315832794e-11
-4.600927046756927275e-11
-4.789753778785173900e-11
-4.972348458901857548e-11
-5.147956135450234406e-11
-5.315777447852573068e-11
-5.475042641478466976e-11
-5.625129991434126687e-11
-5.765314152010129355e-11
-5.895017807233671192e-11
-6.013648838158285016e-11
-6.120763155574120119e-11
-6.215813049455694326e-11
-6.298443248435130172e-11
-6.368268875197220823e-11
-6.424964264321413012e-11
-6.468322174176439930e-11
-6.498164969078364138e-11
-6.514374225237891423e-11
-6.516861124813051774e-11
-6.505670076724830196e-11
-6.480801080973226689e-11
-6.442431773242181279e-11
-6.390665774347326078e-11
-6.325843552682879036e-11
-6.248246364748410997e-11
-6.158170270017156199e-11
-6.056074160672626803e-11
-5.942387322951010774e-11
-5.817642663904128831e-11
-5.682417499504784764e-11
-5.537318751673107208e-11
-5.383012554223872549e-11
-5.220150237998192488e-11
-5.049501557626475524e-11
-4.871836267739126924e-11
-4.687924122966554542e-11
-4.498623695781134302e-11
-4.304793558655243423e-11
-4.107292284061259124e-11
-3.907022853392542338e-11
-3.704843839121470928e-11
-3.501702631562390188e-11
-3.298502212108663635e-11
-3.096160365127313007e-11
-2.895580072011701500e-11
-2.697649511181528592e-11
-2.503271664030156185e-11
-2.313334708977284404e-11
-2.128697218495290144e-11
-1.950173356135564973e-11
-1.778562482475839001e-11
-1.614649155120180890e-11
-1.459143916804350738e-11
-1.312786916211431715e-11
-1.176229484182537460e-11
-1.050063739664134671e-11
-9.348966045763518196e-12
-8.312313800236855900e-12
-7.395565641369708896e-12
-6.602718372050730977e-12
-5.937472735695337178e-12
-5.402789327035861788e-12
-5.001332681331405183e-12
-4.734879155421367614e-12
-4.604761016935299267e-12
-4.611718414556283312e-12
-4.755603318547703600e-12
-5.035971639699710067e-12
-5.451935199592601782e-12
-6.001717641386979301e-12
-6.682358370350509142e-12
-7.491784970170556335e-12
-8.426000637958471930e-12
-9.481304630298836855e-12
-1.065266393614668589e-11
-1.193534160393028287e-11
-1.332386053339481252e-11
-1.481170741612913844e-11
-1.639251697345874359e-11
-1.805947983749926411e-11
-1.980534255115647479e-11
-2.162240756812631648e-11
-2.350282931236809613e-11
-2.543817008889466901e-11
-2.741999220271888394e-11
-2.943941386964373642e-11
-3.148799739468207527e-11
-3.355656493416366693e-11
-3.563593864441827463e-11
-3.771708871151228259e-11
-3.979083729177546047e-11
-4.184785851180095051e-11
-4.387941861712837245e-11
-4.587648779382410403e-11
-4.783033228742775855e-11
-4.973236637321557673e-11
-5.157444841567363646e-11
-5.334814071981478655e-11
-5.504604179880819693e-11
-5.666015804687655354e-11
-5.818412418534535391e-11
-5.961068675712037603e-11
-6.093377654300032063e-11
-6.214791644273039182e-11
-6.324777738579238885e-11
-6.422817833140470611e-11
-6.508512247667870597e-11
-6.581490907819897984e-11
-6.641472557096979344e-11
-6.688161136025883025e-11
-6.721349402975344802e-11
-6.740933737129732563e-11
-6.746795714699753389e-11
-6.738950138659068088e-11
-6.717441417928664251e-11
-6.682402779271494310e-11
-6.633952646476852479e-11
-6.572327867123324595e-11
-6.497854106631469094e-11
-6.410812621500856821e-11
-6.311632697967677032e-11
-6.200773228215439303e-11
-6.078722710374979997e-11
-5.946028854471781287e-11
-5.803298582425971808e-11
-5.651198028052325362e-11
-5.490408128139279142e-11
-5.321624622448931795e-11
-5.145632068585351981e-11
-4.963244630099931264e-11
-4.775202455675753299e-11
-4.582438132653502571e-11
-4.385765824584571938e-11
-4.186118118809645239e-11
-3.984368390774761792e-11
-3.781390015925959624e-11
-3.578130384577585964e-11
-3.375507281096664492e-11
-3.174438489850217593e-11
-2.975782583310623131e-11
-2.780472148818565270e-11
-2.589365758846421873e-11
-2.403336788840230643e-11
-2.223229008298706699e-11
-2.049856580773242254e-11
-1.883974457920582413e-11
-1.726367197344795191e-11
-1.577715735834317456e-11
-1.438686207203924466e-11
-1.309929942294729699e-11
-1.192024257079538074e-11
-1.085502058610169668e-11
-9.908518450174597092e-12
-9.084732965902730939e-12
-8.387512906438132632e-12
-7.820410985459602671e-12
-7.385795678753007519e-12
-7.085887432367599104e-12
-6.921870484196309041e-12
-6.895077101868689135e-12
