-1.117151174123014635e-13
-4.880359387688646523e-13
-1.191791964758252788e-12
-2.346509602739442087e-12
-4.170861762419625014e-12
-7.043629950560922077e-12
-1.163805769412381038e-11
-1.918530792435546028e-11
-3.205206786432088579e-11
-5.505028984743423195e-11
-9.869300620039852735e-11
-1.880860979790337920e-10
-3.903938092823328250e-10
-9.143895483852370941e-10
-2.559275555107747333e-09
-9.502490019684380983e-09
-5.878374525757849760e-08
-1.207527713765713684e-06
-6.611016621282947425e-02
-6.159899247431680560e+06
-6.159899247431674041e+06
-6.159899247431673110e+06
-6.159899247431674972e+06
-6.159899247431674972e+06
-6.159899247431674972e+06
-6.159899247431674972e+06
-6.159899247431677766e+06
-6.159899247431677766e+06
-6.159899247431676835e+06
-6.159899247431674041e+06
-6.159899247431674972e+06
-6.159899247431674041e+06
-6.159899247431674972e+06
-6.159899247431676835e+06
-6.159899247431679629e+06
-6.159899247431679629e+06
-6.159899247431679629e+06
-6.159899247431682423e+06
-6.159899247431681491e+06
-6.159899247431682423e+06
-6.159899247431681491e+06
-6.159899247431678697e+06
-6.159899247431678697e+06
-6.159899247431678697e+06
-6.159899247431681491e+06
-6.159899247431681491e+06
-6.159899247431682423e+06
-6.159899247431678697e+06
-6.159899247431681491e+06
-6.159899247431680560e+06
-6.159899247431677766e+06
-6.159899247431676835e+06
-6.159899247431677766e+06
-6.159899247431676835e+06
-6.159899247431678697e+06
-6.159899247431676835e+06
-6.159899247431676835e+06
-6.159899247431676835e+06
-6.159899247431676835e+06
-6.159899247431674972e+06
-6.159899247431675903e+06
-6.159899247431675903e+06
-6.159899247431674041e+06
-6.159899247431674041e+06
-6.159899247431674041e+06
-6.159899247431674972e+06
-6.159899247431673110e+06
-6.159899247431673110e+06
-6.159899247431673110e+06
-6.159899247431674041e+06
-6.159899247431672178e+06
-6.159899247431672178e+06
-6.159899247431674041e+06
-6.159899247431675903e+06
-6.159899247431674972e+06
-6.159899247431674041e+06
-6.159899247431674041e+06
-6.159899247431676835e+06
-6.159899247431676835e+06
-6.159899247431676835e+06
-6.159899247431677766e+06
-6.159899247431674041e+06
-6.159899247431674041e+06
-6.159899247431677766e+06
-6.159899247431675903e+06
-6.159899247431674972e+06
-6.159899247431676835e+06
-6.159899247431675903e+06
-6.159899247431676835e+06
-6.159899247431674972e+06
-6.159899247431674041e+06
-6.159899247431675903e+06
-6.159899247431674041e+06
-6.159899247431672178e+06
-6.159899247431672178e+06
-6.159899247431674041e+06
-6.159899247431672178e+06
-6.159899247431671247e+06
-6.159899247431674041e+06
-6.159899247431672178e+06
-6.159899247431671247e+06
-6.159899247431672178e+06
-6.159899247431672178e+06
-6.159899247431671247e+06
-6.159899247431672178e+06
-6.159899247431671247e+06
-6.159899247431671247e+06
-6.159899247431671247e+06
-6.159899247431671247e+06
-6.159899247431671247e+06
-6.159899247431669384e+06
-6.159899247431670316e+06
-6.159899247431670316e+06
-6.159899247431668453e+06
-6.159899247431671247e+06
-6.159899247431669384e+06
-6.159899247431669384e+06
-6.159899247431668453e+06
-6.159899247431670316e+06
-6.159899247431670316e+06
-6.159899247431668453e+06
-6.159899247431668453e+06
-6.159899247431670316e+06
-6.159899247431668453e+06
-6.159899247431670316e+06
-6.159899247431668453e+06
-6.159899247431667522e+06
-6.159899247431668453e+06
-6.159899247431667522e+06
-6.159899247431669384e+06
-6.159899247431666590e+06
-6.159899247431671247e+06
-6.159899247431666590e+06
-6.159899247431671247e+06
-6.159899247431670316e+06
-6.159899247431672178e+06
-6.159899247431669384e+06
-6.159899247431671247e+06
-6.159899247431671247e+06
-6.159899247431670316e+06
-6.159899247431672178e+06
-6.159899247431671247e+06
-6.159899247431670316e+06
-6.159899247431671247e+06
-6.159899247431665659e+06
-6.159899247431670316e+06
-6.159899247431669384e+06
-6.159899247431666590e+06
-6.159899247431668453e+06
-6.159899247431668453e+06
-6.159899247431666590e+06
-6.159899247431670316e+06
-6.159899247431668453e+06
-6.159899247431665659e+06
-6.159899247431666590e+06
-6.159899247431671247e+06
-6.159899247431668453e+06
-6.159899247431663796e+06
-6.159899247431667522e+06
-6.159899247431669384e+06
-6.159899247431668453e+06
-6.159899247431663796e+06
-6.159899247431670316e+06
-6.159899247431671247e+06
-6.159899247431668453e+06
-6.159899247431663796e+06
-6.159899247431667522e+06
-6.159899247431672178e+06
-6.159899247431668453e+06
-6.159899247431668453e+06
-6.159899247431662865e+06
-6.159899247431666590e+06
-6.159899247431668453e+06
-6.159899247431671247e+06
-6.159899247431667522e+06
-6.159899247431662865e+06
-6.159899247431667522e+06
-6.159899247431670316e+06
-6.159899247431671247e+06
-6.159899247431668453e+06
-6.159899247431663796e+06
-6.159899247431661934e+06
-6.159899247431669384e+06
-6.159899247431669384e+06
-6.159899247431670316e+06
-6.159899247431671247e+06
-6.159899247431667522e+06
-6.159899247431661002e+06
-6.159899247431665659e+06
-6.159899247431668453e+06
-6.159899247431672178e+06
-6.159899247431671247e+06
-6.159899247431670316e+06
-6.159899247431666590e+06
-6.159899247431661934e+06
-6.159899247431662865e+06
-6.159899247431668453e+06
-6.159899247431671247e+06
-6.159899247431671247e+06
-6.159899247431671247e+06
-6.159899247431668453e+06
-6.159899247431665659e+06
-6.159899247431661002e+06
-6.159899247431661934e+06
-6.159899247431665659e+06
-6.159899247431671247e+06
-6.159899247431671247e+06
-6.159899247431673110e+06
-6.159899247431674041e+06
-6.159899247431669384e+06
-6.159899247431667522e+06
-6.159899247431661002e+06
-6.159899247431657277e+06
-6.159899247431661002e+06
-6.159899247431667522e+06
-6.159899247431671247e+06
-6.159899247431672178e+06
-6.159899247431673110e+06
-6.159899247431671247e+06
-6.159899247431672178e+06
-6.159899247431668453e+06
-6.159899247431662865e+06
-6.159899247431660071e+06
-6.159899247431654483e+06
-6.159899247431661002e+06
-6.159899247431665659e+06
-6.159899247431668453e+06
-6.159899247431674041e+06
-6.159899247431673110e+06
-6.159899247431674041e+06
-6.159899247431676835e+06
-6.159899247431674041e+06
-6.159899247431673110e+06
-6.159899247431667522e+06
-6.159899247431665659e+06
-6.159899247431660071e+06
-6.159899247431651689e+06
-6.159899247431655414e+06
-6.159899247431659140e+06
-6.159899247431665659e+06
-6.159899247431669384e+06
-6.159899247431673110e+06
-6.159899247431674041e+06
-6.159899247431674041e+06
-6.159899247431676835e+06
-6.159899247431676835e+06
-6.159899247431674041e+06
-6.159899247431671247e+06
-6.159899247431668453e+06
-6.159899247431665659e+06
-6.159899247431661002e+06
-6.159899247431655414e+06
-6.159899247431647964e+06
-6.159899247431648895e+06
-6.159899247431655414e+06
-6.159899247431660071e+06
-6.159899247431665659e+06
-6.159899247431670316e+06
-6.159899247431674041e+06
-6.159899247431676835e+06
-6.159899247431676835e+06
-6.159899247431676835e+06
-6.159899247431678697e+06
-6.159899247431678697e+06
-6.159899247431674972e+06
-6.159899247431674972e+06
-6.159899247431674041e+06
-6.159899247431670316e+06
-6.159899247431665659e+06
-6.159899247431662865e+06
-6.159899247431657277e+06
-6.159899247431649826e+06
-6.159899247431647032e+06
-6.159899247431639582e+06
-6.159899247431645170e+06
-6.159899247431651689e+06
-6.159899247431657277e+06
-6.159899247431662865e+06
-6.159899247431665659e+06
-6.159899247431671247e+06
-6.159899247431673110e+06
-6.159899247431675903e+06
-6.159899247431677766e+06
-6.159899247431680560e+06
-6.159899247431681491e+06
-6.159899247431681491e+06
-6.159899247431682423e+06
-6.159899247431681491e+06
-6.159899247431680560e+06
-6.159899247431677766e+06
-6.159899247431676835e+06
-6.159899247431671247e+06
-6.159899247431670316e+06
-6.159899247431664728e+06
-6.159899247431662865e+06
-6.159899247431658208e+06
-6.159899247431652620e+06
-6.159899247431647032e+06
-6.159899247431642376e+06
-6.159899247431635857e+06
