-2.881282323690218931e-08
-1.175338204646156713e-07
-2.733520437119361109e-07
-5.094720544989382013e-07
-8.472760388619817305e-07
-1.320138566926523602e-06
-1.980066072668659310e-06
-2.909474486442774866e-06
-4.242850744573399494e-06
-6.208578939321157718e-06
-9.214770221885760704e-06
-1.403918541177558392e-05
-2.229126215145179886e-05
-3.768258362378898180e-05
-7.014840911456112350e-05
-1.528119758880320438e-04
-4.443162320632642139e-04
-2.564339457785273779e-03
-1.509341296160400692e+00
-3.193717511264588211e+03
-3.193717070041342140e+03
-3.193717032372689573e+03
-3.193717023699724450e+03
-3.193717020698526085e+03
-3.193717019395131956e+03
-3.193717018740109324e+03
-3.193717018375562020e+03
-3.193717018156768972e+03
-3.193717018017593091e+03
-3.193717017924878746e+03
-3.193717017860741635e+03
-3.193717017814970859e+03
-3.193717017781439608e+03
-3.193717017756312089e+03
-3.193717017737109018e+03
-3.193717017722186029e+03
-3.193717017710415803e+03
-3.193717017701003897e+03
-3.193717017693390972e+03
-3.193717017687169118e+03
-3.193717017682026835e+03
-3.193717017677747208e+03
-3.193717017674154249e+03
-3.193717017671114718e+03
-3.193717017668529024e+03
-3.193717017666310312e+03
-3.193717017664395371e+03
-3.193717017662736907e+03
-3.193717017661296268e+03
-3.193717017660039346e+03
-3.193717017658934310e+03
-3.193717017657953420e+03
-3.193717017657088036e+03
-3.193717017656318603e+03
-3.193717017655633299e+03
-3.193717017655018481e+03
-3.193717017654468691e+03
-3.193717017653974381e+03
-3.193717017653528274e+03
-3.193717017653122184e+03
-3.193717017652757477e+03
-3.193717017652425966e+03
-3.193717017652123104e+03
-3.193717017651847073e+03
-3.193717017651593778e+03
-3.193717017651363221e+03
-3.193717017651149035e+03
-3.193717017650953494e+03
-3.193717017650772050e+03
-3.193717017650606067e+03
-3.193717017650451908e+03
-3.193717017650312755e+03
-3.193717017650181333e+03
-3.193717017650056732e+03
-3.193717017649939862e+03
-3.193717017649829813e+03
-3.193717017649729769e+03
-3.193717017649636091e+03
-3.193717017649549689e+03
-3.193717017649466470e+03
-3.193717017649389618e+03
-3.193717017649320042e+03
-3.193717017649248646e+03
-3.193717017649185436e+03
-3.193717017649126774e+03
-3.193717017649075387e+03
-3.193717017649022637e+03
-3.193717017648973069e+03
-3.193717017648926685e+03
-3.193717017648884394e+03
-3.193717017648841193e+03
-3.193717017648799811e+03
-3.193717017648762976e+03
-3.193717017648724322e+03
-3.193717017648690216e+03
-3.193717017648656565e+03
-3.193717017648625188e+03
-3.193717017648599722e+03
-3.193717017648573801e+03
-3.193717017648546971e+03
-3.193717017648523779e+03
-3.193717017648501951e+03
-3.193717017648476030e+03
-3.193717017648456931e+03
-3.193717017648441015e+03
-3.193717017648419642e+03
-3.193717017648399178e+03
-3.193717017648379624e+03
-3.193717017648362798e+03
-3.193717017648350975e+03
-3.193717017648339606e+03
-3.193717017648321416e+03
-3.193717017648305045e+03
-3.193717017648287765e+03
-3.193717017648273668e+03
-3.193717017648258206e+03
-3.193717017648247293e+03
-3.193717017648236833e+03
-3.193717017648228648e+03
-3.193717017648220008e+03
-3.193717017648209094e+03
-3.193717017648199544e+03
-3.193717017648190449e+03
-3.193717017648180899e+03
-3.193717017648168621e+03
-3.193717017648160891e+03
-3.193717017648153160e+03
-3.193717017648143155e+03
-3.193717017648137244e+03
-3.193717017648134515e+03
-3.193717017648127694e+03
-3.193717017648122237e+03
-3.193717017648111778e+03
-3.193717017648105866e+03
-3.193717017648097681e+03
-3.193717017648096316e+03
-3.193717017648089040e+03
-3.193717017648086767e+03
-3.193717017648079946e+03
-3.193717017648076308e+03
-3.193717017648073579e+03
-3.193717017648069486e+03
-3.193717017648065394e+03
-3.193717017648061301e+03
-3.193717017648056753e+03
-3.193717017648054480e+03
-3.193717017648053115e+03
-3.193717017648047658e+03
-3.193717017648045385e+03
-3.193717017648039018e+03
-3.193717017648034471e+03
-3.193717017648028559e+03
-3.193717017648027195e+03
-3.193717017648026285e+03
-3.193717017648020828e+03
-3.193717017648020374e+03
-3.193717017648015826e+03
-3.193717017648012188e+03
-3.193717017648009005e+03
-3.193717017648005367e+03
-3.193717017648002638e+03
-3.193717017648000365e+03
-3.193717017647996727e+03
-3.193717017647994908e+03
-3.193717017647989906e+03
-3.193717017647989451e+03
-3.193717017647989451e+03
-3.193717017647986268e+03
-3.193717017647983539e+03
-3.193717017647982175e+03
-3.193717017647978082e+03
-3.193717017647976718e+03
-3.193717017647969442e+03
-3.193717017647969442e+03
-3.193717017647968078e+03
-3.193717017647961256e+03
-3.193717017647963985e+03
-3.193717017647960347e+03
-3.193717017647959892e+03
-3.193717017647958528e+03
-3.193717017647957618e+03
-3.193717017647958983e+03
-3.193717017647958983e+03
-3.193717017647957618e+03
-3.193717017647958983e+03
-3.193717017647961256e+03
-3.193717017647958528e+03
-3.193717017647955345e+03
-3.193717017647955799e+03
-3.193717017647955345e+03
-3.193717017647950343e+03
-3.193717017647951252e+03
-3.193717017647952616e+03
-3.193717017647949888e+03
-3.193717017647949888e+03
-3.193717017647950343e+03
-3.193717017647947614e+03
-3.193717017647944886e+03
-3.193717017647943067e+03
-3.193717017647944886e+03
-3.193717017647943067e+03
-3.193717017647938519e+03
-3.193717017647934881e+03
-3.193717017647934426e+03
-3.193717017647936245e+03
-3.193717017647937610e+03
-3.193717017647935791e+03
-3.193717017647930788e+03
-3.193717017647928969e+03
-3.193717017647927605e+03
-3.193717017647926241e+03
-3.193717017647927605e+03
-3.193717017647925786e+03
-3.193717017647924877e+03
-3.193717017647926241e+03
-3.193717017647926696e+03
-3.193717017647923058e+03
-3.193717017647926696e+03
-3.193717017647923058e+03
-3.193717017647924877e+03
-3.193717017647923512e+03
-3.193717017647922148e+03
-3.193717017647920784e+03
-3.193717017647916236e+03
-3.193717017647918055e+03
-3.193717017647915327e+03
-3.193717017647913508e+03
-3.193717017647908051e+03
-3.193717017647906687e+03
-3.193717017647906687e+03
-3.193717017647906232e+03
-3.193717017647906687e+03
-3.193717017647908051e+03
-3.193717017647907596e+03
-3.193717017647908051e+03
-3.193717017647906232e+03
-3.193717017647904868e+03
-3.193717017647904868e+03
-3.193717017647901230e+03
-3.193717017647902139e+03
-3.193717017647901230e+03
-3.193717017647899866e+03
-3.193717017647899411e+03
-3.193717017647897137e+03
-3.193717017647892590e+03
-3.193717017647894863e+03
-3.193717017647892135e+03
-3.193717017647896682e+03
-3.193717017647893954e+03
-3.193717017647892590e+03
-3.193717017647896228e+03
-3.193717017647894863e+03
-3.193717017647895318e+03
-3.193717017647891225e+03
-3.193717017647889406e+03
-3.193717017647892135e+03
-3.193717017647892590e+03
-3.193717017647891225e+03
-3.193717017647893499e+03
-3.193717017647892590e+03
-3.193717017647888497e+03
-3.193717017647892590e+03
-3.193717017647888497e+03
-3.193717017647887133e+03
-3.193717017647885768e+03
-3.193717017647888042e+03
-3.193717017647885314e+03
-3.193717017647889406e+03
-3.193717017647886678e+03
-3.193717017647888042e+03
-3.193717017647888497e+03
-3.193717017647886678e+03
-3.193717017647883040e+03
-3.193717017647883949e+03
-3.193717017647883040e+03
-3.193717017647879402e+03
-3.193717017647874400e+03
-3.193717017647873035e+03
-3.193717017647869852e+03
-3.193717017647871671e+03
-3.193717017647868488e+03
-3.193717017647871671e+03
-3.193717017647870307e+03
-3.193717017647867124e+03
-3.193717017647867124e+03
-3.193717017647867578e+03
-3.193717017647869852e+03
-3.193717017647871671e+03
-3.193717017647871671e+03
-3.193717017647868488e+03
-3.193717017647863941e+03
-3.193717017647863031e+03
-3.193717017647865305e+03
-3.193717017647862576e+03
-3.193717017647864395e+03
-3.193717017647866669e+03
-3.193717017647866669e+03
-3.193717017647865305e+03
-3.193717017647865305e+03
-3.193717017647860303e+03
