2.878770898951599129e-08
1.171326436037948065e-07
2.712585056925434401e-07
5.025321430944043421e-07
8.292114858675486000e-07
1.279507388787055711e-06
1.896866876293367652e-06
2.749255495002314206e-06
3.946056141431470368e-06
5.670354888908313874e-06
8.244476838488453040e-06
1.227340008596593126e-05
1.898969946696334754e-05
3.119104864221376494e-05
5.624487675693948908e-05
1.182974009738964566e-04
3.308793711415483900e-04
1.827822038072635753e-03
9.630935684101477046e-01
2.141414877217815871e+00
2.138507656049432271e+00
2.138206499890862311e+00
2.138198572263480646e+00
2.138456361032737174e+00
2.140706021007289017e+00
-5.015707605020714510e+01
-7.687396582910554343e+01
-7.687484528341833823e+01
-7.687493907300132889e+01
-7.687496243343628066e+01
-7.687497085866164070e+01
-7.687497461342941563e+01
-7.687497653419502797e+01
-7.687497761716983291e+01
-7.687497827364536818e+01
-7.687497869453657984e+01
-7.687497897672608360e+01
-7.687497917295618777e+01
-7.687497931361980363e+01
-7.687497941707367488e+01
-7.687497949485225490e+01
-7.687497955445181219e+01
-7.687497960088822424e+01
-7.687497963760405639e+01
-7.687497966701559449e+01
-7.687497969085265481e+01
-7.687497971037583966e+01
-7.687497972651854639e+01
-7.687497973998193856e+01
-7.687497975129963379e+01
-7.687497976088263840e+01
-7.687497976905096664e+01
-7.687497977605634958e+01
-7.687497978209867711e+01
-7.687497978733783555e+01
-7.687497979190297315e+01
-7.687497979589916497e+01
-7.687497979941231563e+01
-7.687497980251323781e+01
-7.687497980526067920e+01
-7.687497980770363881e+01
-7.687497980988311497e+01
-7.687497981183371110e+01
-7.687497981358472998e+01
-7.687497981516099799e+01
-7.687497981658378876e+01
-7.687497981787140588e+01
-7.687497981903949551e+01
-7.687497982010162900e+01
-7.687497982106951611e+01
-7.687497982195341706e+01
-7.687497982276218522e+01
-7.687497982350367920e+01
-7.687497982418477704e+01
-7.687497982481146153e+01
-7.687497982538906172e+01
-7.687497982592233825e+01
-7.687497982641541228e+01
-7.687497982687206388e+01
-7.687497982729556156e+01
-7.687497982768881855e+01
-7.687497982805450647e+01
-7.687497982839498434e+01
-7.687497982871245483e+01
-7.687497982900879379e+01
-7.687497982928572071e+01
-7.687497982954485565e+01
-7.687497982978752020e+01
-7.687497983001502178e+01
-7.687497983022853987e+01
-7.687497983042915450e+01
-7.687497983061776097e+01
-7.687497983079532560e+01
-7.687497983096261578e+01
-7.687497983112035627e+01
-7.687497983126917234e+01
-7.687497983140976032e+01
-7.687497983154266024e+01
-7.687497983166838367e+01
-7.687497983178744221e+01
-7.687497983190019113e+01
-7.687497983200712781e+01
-7.687497983210859331e+01
-7.687497983220490028e+01
-7.687497983229636134e+01
-7.687497983238334598e+01
-7.687497983246608158e+01
-7.687497983254486655e+01
-7.687497983261984302e+01
-7.687497983269132362e+01
-7.687497983275949309e+01
-7.687497983282453617e+01
-7.687497983288665182e+01
-7.687497983294588266e+01
-7.687497983300259818e+01
-7.687497983305678417e+01
-7.687497983310859695e+01
-7.687497983315819283e+01
-7.687497983320571393e+01
-7.687497983325124551e+01
-7.687497983329481599e+01
-7.687497983333656748e+01
-7.687497983337665630e+01
-7.687497983341512509e+01
-7.687497983345204489e+01
-7.687497983348754360e+01
-7.687497983352162123e+01
-7.687497983355437725e+01
-7.687497983358593956e+01
-7.687497983361623710e+01
-7.687497983364539778e+01
-7.687497983367350685e+01
-7.687497983370053589e+01
-7.687497983372657018e+01
-7.687497983375162391e+01
-7.687497983377582500e+01
-7.687497983379915922e+01
-7.687497983382166922e+01
-7.687497983384338340e+01
-7.687497983386431599e+01
-7.687497983388458067e+01
-7.687497983390413481e+01
-7.687497983392302103e+01
-7.687497983394125356e+01
-7.687497983395888923e+01
-7.687497983397591383e+01
-7.687497983399239843e+01
-7.687497983400834300e+01
-7.687497983402377599e+01
-7.687497983403872581e+01
-7.687497983405319246e+01
-7.687497983406721858e+01
-7.687497983408077573e+01
-7.687497983409392077e+01
-7.687497983410666791e+01
-7.687497983411910241e+01
-7.687497983413111058e+01
-7.687497983414274927e+01
-7.687497983415403269e+01
-7.687497983416500347e+01
-7.687497983417563319e+01
-7.687497983418595027e+01
-7.687497983419596892e+01
-7.687497983420571757e+01
-7.687497983421518200e+01
-7.687497983422434800e+01
-7.687497983423327241e+01
-7.687497983424192682e+01
-7.687497983425041070e+01
-7.687497983425859616e+01
-7.687497983426659687e+01
-7.687497983427434178e+01
-7.687497983428185933e+01
-7.687497983428922055e+01
-7.687497983429638282e+01
-7.687497983430337456e+01
-7.687497983431016735e+01
-7.687497983431674697e+01
-7.687497983432318449e+01
-7.687497983432943727e+01
-7.687497983433551951e+01
-7.687497983434144544e+01
-7.687497983434725768e+01
-7.687497983435289939e+01
-7.687497983435844162e+01
-7.687497983436381332e+01
-7.687497983436902871e+01
-7.687497983437414462e+01
-7.687497983437917526e+01
-7.687497983438406379e+01
-7.687497983438883864e+01
-7.687497983439348559e+01
-7.687497983439801885e+01
-7.687497983440243843e+01
-7.687497983440674432e+01
-7.687497983441096494e+01
-7.687497983441507188e+01
-7.687497983441907934e+01
-7.687497983442301575e+01
-7.687497983442686689e+01
-7.687497983443061855e+01
-7.687497983443429916e+01
-7.687497983443789451e+01
-7.687497983444139038e+01
-7.687497983444484362e+01
-7.687497983444821159e+01
-7.687497983445148009e+01
-7.687497983445469174e+01
-7.687497983445783234e+01
-7.687497983446088767e+01
-7.687497983446394301e+01
-7.687497983446687044e+01
-7.687497983446974104e+01
-7.687497983447259742e+01
-7.687497983447534011e+01
-7.687497983447804017e+01
-7.687497983448072603e+01
-7.687497983448332661e+01
-7.687497983448584193e+01
-7.687497983448830041e+01
-7.687497983449073047e+01
-7.687497983449313210e+01
-7.687497983449546268e+01
-7.687497983449777905e+01
-7.687497983449998173e+01
-7.687497983450221284e+01
-7.687497983450441552e+01
-7.687497983450647610e+01
-7.687497983450855088e+01
-7.687497983451062566e+01
-7.687497983451261518e+01
-7.687497983451459049e+01
-7.687497983451648054e+01
-7.687497983451837058e+01
-7.687497983452021799e+01
-7.687497983452202277e+01
-7.687497983452381334e+01
-7.687497983452556127e+01
-7.687497983452726658e+01
-7.687497983452894346e+01
-7.687497983453054928e+01
-7.687497983453219774e+01
-7.687497983453373251e+01
-7.687497983453532413e+01
-7.687497983453684469e+01
-7.687497983453837946e+01
-7.687497983453978634e+01
-7.687497983454123585e+01
-7.687497983454268535e+01
-7.687497983454409223e+01
-7.687497983454542805e+01
-7.687497983454679229e+01
-7.687497983454809969e+01
-7.687497983454936445e+01
-7.687497983455068606e+01
-7.687497983455193662e+01
-7.687497983455314454e+01
-7.687497983455435246e+01
-7.687497983455557460e+01
-7.687497983455676831e+01
-7.687497983455791939e+01
-7.687497983455908468e+01
-7.687497983456019313e+01
-7.687497983456125894e+01
-7.687497983456235318e+01
-7.687497983456337636e+01
-7.687497983456438533e+01
-7.687497983456545114e+01
-7.687497983456647432e+01
-7.687497983456742645e+01
-7.687497983456839279e+01
-7.687497983456938755e+01
-7.687497983457031125e+01
-7.687497983457122075e+01
-7.687497983457210182e+01
-7.687497983457302553e+01
-7.687497983457390660e+01
-7.687497983457478767e+01
-7.687497983457564033e+01
-7.687497983457649298e+01
-7.687497983457728878e+01
-7.687497983457809880e+01
-7.687497983457892303e+01
-7.687497983457971884e+01
-7.687497983458050044e+01
-7.687497983458129625e+01
-7.687497983458204942e+01
-7.687497983458277417e+01
-7.687497983458351314e+01
-7.687497983458426631e+01
-7.687497983458496265e+01
-7.687497983458564477e+01
-7.687497983458638373e+01
-7.687497983458703743e+01
-7.687497983458770534e+01
-7.687497983458835904e+01
-7.687497983458904116e+01
-7.687497983458966644e+01
-7.687497983459027751e+01
-7.687497983459088857e+01
