-7.807324824536147017e-13
-3.120102652330146701e-12
-7.006397502908874211e-12
-1.241922024662440336e-11
-1.933009616024187408e-11
-2.770651155269170199e-11
-3.750686505527614536e-11
-4.868228515719496175e-11
-6.117602436037015954e-11
-7.492527671497166910e-11
-8.986198561298427625e-11
-1.059114301494654209e-10
-1.229936387612874306e-10
-1.410215716916118399e-10
-1.599081891836001832e-10
-1.795573638027858748e-10
-1.998701408372179392e-10
-2.207455460910281127e-10
-2.420783644521216377e-10
-2.637633808084037565e-10
-2.856927547186871360e-10
-3.077544048255579747e-10
-3.298394809458702565e-10
-3.518381231545193343e-10
-3.736404715264004055e-10
-3.951376758783675058e-10
-4.162216938208415655e-10
-4.367858966029856707e-10
-4.567297139257150052e-10
-4.759519696447695429e-10
-4.943573441192496184e-10
-5.118529410889564054e-10
-5.283525285906183847e-10
-5.437741155771905051e-10
-5.580389421758955009e-10
-5.710769322948007792e-10
-5.828236643969423712e-10
-5.932185539647993032e-10
-6.022103061068704841e-10
-6.097538863317986569e-10
-6.158121361355042910e-10
-6.203543593624434264e-10
-6.233579377927415662e-10
-6.248079272454102036e-10
-6.246980673203055046e-10
-6.230265404819018400e-10
-6.198034441497860388e-10
-6.150447322469052907e-10
-6.087744366318762487e-10
-6.010218398215007166e-10
-5.918285431844764298e-10
-5.812387734185936990e-10
-5.693056429508792446e-10
-5.560895343504623036e-10
-5.416562827930490009e-10
-5.260769741125306122e-10
-5.094305701300761400e-10
-4.918002735830810548e-10
-4.732737300735590319e-10
-4.539428261197502147e-10
-4.339063144852137905e-10
-4.132605245528081073e-10
-3.921114792281948692e-10
-3.705649994686440436e-10
-3.487273101282090193e-10
-3.267092808739532817e-10
-3.046191560438475853e-10
-2.825690169953057316e-10
-2.606681178082572098e-10
-2.390257125626315092e-10
-2.177508533899663824e-10
-1.969489573507483236e-10
-1.767248356602886174e-10
-1.571784527724968446e-10
-1.384079556057570342e-10
-1.205084618525770892e-10
-1.035676171149706847e-10
-8.767124945942586701e-11
-7.289811875871988888e-11
-5.932274396940357385e-11
-4.701237390592518982e-11
-3.602961256972306981e-11
-2.642838018139089336e-11
-1.825754825172890289e-11
-1.155629476873400120e-11
-6.360768494527031077e-12
-2.693991545765964560e-12
-5.757548648409868932e-13
-1.595392294718974591e-14
-1.018425739527568211e-12
-3.578323553180444502e-12
-7.681914873267731040e-12
-1.330738927348187790e-11
-2.043031099842275659e-11
-2.901170400848521221e-11
-3.901037083175497618e-11
-5.037622826708138659e-11
-6.305273076477818839e-11
-7.697525483948968276e-11
-9.207412829606676286e-11
-1.082746302295668686e-10
-1.254957793349036447e-10
-1.436523533907642549e-10
-1.626516580853416093e-10
-1.824005952100451709e-10
-2.027983925173983350e-10
-2.237448836050997843e-10
-2.451348533610547612e-10
-2.668618749828180885e-10
-2.888170982872437500e-10
-3.108894516588766274e-10
-3.329696810177872314e-10
-3.549479264388709146e-10
-3.767135202034559285e-10
-3.981586218703549914e-10
-4.191757948951642434e-10
-4.396580066302632976e-10
-4.595063023637012302e-10
-4.786193040028262786e-10
-4.969006821647800946e-10
-5.142613776088068468e-10
-5.306135427845011234e-10
-5.458755905416013464e-10
-5.599709824396393524e-10
-5.728292384898990754e-10
-5.843863410522000196e-10
-5.945859465252476797e-10
-6.033739327400566525e-10
-6.107086983279292025e-10
-6.165520750428271166e-10
-6.208772037486494295e-10
-6.236614662255216444e-10
-6.248897163440635181e-10
-6.245571073428733724e-10
-6.226638411703429441e-10
-6.192216308331929546e-10
-6.142472380479375402e-10
-6.077646946731933536e-10
-5.998059085548547743e-10
-5.904106635260939084e-10
-5.796280330461027447e-10
-5.675101197999493205e-10
-5.541162966148041900e-10
-5.395156298406412633e-10
-5.237802150533104990e-10
-5.069886101771974265e-10
-4.892248257432644625e-10
-4.705779209922674385e-10
-4.511409941327969174e-10
-4.310109803928864570e-10
-4.102890559167960836e-10
-3.890768007455692962e-10
-3.674820553203934282e-10
-3.456118522888888147e-10
-3.235772632665106776e-10
-3.014861286944462984e-10
-2.794507318785012150e-10
-2.575797210534297069e-10
-2.359819464023777902e-10
-2.147686814891923199e-10
-1.940431219420506881e-10
-1.739086653375219971e-10
-1.544662858714745883e-10
-1.358141304622924133e-10
-1.180454992669577714e-10
-1.012480378874843381e-10
-8.550555490644278066e-11
-7.089822383535254682e-11
-5.749935194041400186e-11
-4.537497634572500710e-11
-3.458487377523958349e-11
-2.518417613990183000e-11
-1.721912962141941356e-11
-1.073052779492312796e-11
-5.749874609523879535e-12
-2.302211665797001257e-12
-4.036948350814215663e-13
-6.623907248959793190e-14
-1.289440481238057259e-12
-4.069058145100331526e-12
-8.390147883087913671e-12
-1.423029342371804403e-11
-2.156263563088975517e-11
-3.034981405213178481e-11
-4.054639029930339622e-11
-5.210106948090350802e-11
-6.495791189242107488e-11
-7.905088040975824195e-11
-9.431212037329153158e-11
-1.106642855489858082e-10
-1.280239712510538775e-10
-1.463055513613994301e-10
-1.654177452069575321e-10
-1.852650311984368077e-10
-2.057472429335358619e-10
-2.267636081647781676e-10
-2.482072961929350744e-10
-2.699730919059118249e-10
-2.919505295334285101e-10
-3.140323744794730067e-10
-3.361059395414563036e-10
-3.580605570007068071e-10
-3.797885883644288173e-10
-4.011791639655590039e-10
-4.221256550532604532e-10
-4.425242601541805637e-10
-4.622742070208427823e-10
-4.812749253541622928e-10
-4.994319033068063761e-10
-5.166544660508853082e-10
-5.328565835715193066e-10
-5.479558609248798469e-10
-5.618800005867252339e-10
-5.745567050328137723e-10
-5.859243800036658055e-10
-5.959248643624611986e-10
-6.045094885467914363e-10
-6.116344297556496808e-10
-6.172653567624407137e-10
-6.213723812051875212e-10
-6.239355101931081822e-10
-6.249430307194819749e-10
-6.243896921261237484e-10
-6.222761002582087124e-10
-6.186159876063749542e-10
-6.134242983516109807e-10
-6.067299111139351226e-10
-5.985651376360252328e-10
-5.889699636994451537e-10
-5.779930588666034010e-10
-5.656883433580936411e-10
-5.521192289689211600e-10
-5.373521567199672922e-10
-5.214610397226076255e-10
-5.045266573335367916e-10
-4.866322122901502611e-10
-4.678669657815956017e-10
-4.483254296552055326e-10
-4.281051449841888215e-10
-4.073064801192385480e-10
-3.860340443272742601e-10
-3.643926488236072423e-10
-3.424929613269090883e-10
-3.204436300719341809e-10
-2.983541110870036943e-10
-2.763348701423975372e-10
-2.544963730083956184e-10
-2.329478737649274269e-10
-2.117964050596133499e-10
-1.911485956432903009e-10
-1.711058236086100169e-10
-1.517706787385747316e-10
-1.332384806740840844e-10
-1.156025295721203750e-10
-9.895006713791380540e-11
-8.336470000564330644e-11
-6.892397635773575030e-11
-5.570100151199976567e-11
-4.376161064414147730e-11
-3.316618632329011585e-11
-2.396541759577157560e-11
-1.620837792077783555e-11
-9.930004370079328715e-12
-5.164224273487799563e-12
-1.934867541228164015e-12
-2.582919930310846199e-13
-1.425755645660248149e-13
-1.587718255832984676e-12
-4.588267460255076192e-12
-9.125643925792534470e-12
-1.518005671005517517e-11
-2.272060770910730251e-11
-3.170993647047764453e-11
-4.210240265763373759e-11
-5.384630748229102393e-11
-6.688308591084588270e-11
-8.114649887080872246e-11
-9.656748001220564610e-11
-1.130662597203006791e-10
-1.305622605867909392e-10
-1.489680389580544879e-10
-1.681915063674594450e-10
-1.881349197934053322e-10
-2.087003342658998569e-10
-2.297849580535491263e-10
-2.512819604571244901e-10
-2.730851166225725076e-10
-2.950847685731802165e-10
-3.171708544354511813e-10
-3.392337162326724395e-10
-3.611628881945641340e-10
-3.828475006540627797e-10
-4.041819346022901973e-10
-4.250573398561003709e-10
-4.453707227357076450e-10
-4.650200993032850473e-10
-4.839067167952733906e-10
-5.019358614159482194e-10
-5.190178680793784925e-10
-5.350691301513852664e-10
-5.500068487913565435e-10
-5.637581206298754188e-10
-5.762532734717927727e-10
-5.874313189028041581e-10
-5.972338938376977039e-10
-6.056133384560235772e-10
-6.125280513890840430e-10
-6.179434994618921460e-10
-6.218332274351303946e-10
-6.241778482631920770e-10
-6.249636294554391060e-10
-6.241879456827789060e-10
-6.218548359130462085e-10
-6.179752053593947889e-10
-6.125698547061735148e-10
-6.056638255539577220e-10
-5.972926608196930484e-10
-5.874981638204689658e-10
-5.763296099638691995e-10
-5.638433428511882552e-10
-5.501003508967305796e-10
-5.351692965536866096e-10
-5.191251026753906160e-10
-5.020473369281868110e-10
-4.840242507592640796e-10
-4.651438936674195702e-10
-4.454999697064190555e-10
-4.251910296914299862e-10
-4.043188556118875979e-10
-3.829882586831031753e-10
-3.613040501203880028e-10
-3.393768976424136740e-10
-3.173146416903676256e-10
-2.952287577764883974e-10
-2.732295097226641616e-10
-2.514255457636491977e-10
-2.299257160825895219e-10
-2.088386689142394135e-10
-1.882708310610440499e-10
-1.683223689253047482e-10
-1.490956703416320058e-10
-1.306852471573585158e-10
-1.131839956326831046e-10
-9.667895552444423772e-11
-8.125191593129521671e-11
-6.698042503566291379e-11
-5.393657841339727475e-11
-4.218540344663747156e-11
-3.178364763346149587e-11
-2.278502924607127122e-11
-1.523559251778273440e-11
-9.171486210716737908e-12
-4.623002583633767784e-12
-1.614375443542213107e-12
-1.589333842966877157e-13
-2.657640835253380437e-13
-1.933453902486007962e-12
-5.152309318375341401e-12
-9.907588098596568444e-12
-1.617384474579088054e-11
-2.392220063993994769e-11
-3.311388168983034189e-11
-4.370102612662050359e-11
-5.563233905880932880e-11
-6.884784181405106001e-11
-8.327988168111394325e-11
-9.885838256806539853e-11
-1.155041807053446610e-10
-1.331354869942984291e-10
-1.516626363489956618e-10
-1.709943480963714253e-10
-1.910322733696500314e-10
-2.116766496633135585e-10
-2.328254930395350601e-10
-2.543719727990858857e-10
-2.762080465523869656e-10
-2.982264797034261764e-10
-3.203147869980062435e-10
-3.423665416336819899e-10
-3.642676427691222999e-10
-3.859104519115314737e-10
-4.071859169293718103e-10
-4.279872071234146593e-10
-4.482117327106578387e-10
-4.677562980629239564e-10
-4.865269971780555034e-10
-5.044281065183693411e-10
-5.213681434624087992e-10
-5.372659247566957730e-10
-5.520394593541852113e-10
-5.656168536274188922e-10
-5.779278295360724859e-10
-5.889126103561919653e-10
-5.985164680736167172e-10
-6.066913389711134361e-10
-6.133966314219430693e-10
-6.185966005607682426e-10
-6.222676184257557760e-10
-6.243900960229072216e-10
-6.249543398294192233e-10
-6.239555030838901035e-10
-6.214018656703810618e-10
-6.173043328020458734e-10
-6.116839071116251426e-10
-6.045672457868280979e-10
-5.959915073317342697e-10
-5.859997067537835494e-10
-5.746405136153844526e-10
-5.619704734662232213e-10
-5.480542097916555609e-10
-5.329609908900471180e-10
-5.167663454599073730e-10
-4.995498411675805382e-10
-4.813997294602554986e-10
-4.624052715270798221e-10
-4.426605753186027545e-10
-4.222656052887339025e-10
-4.013219414785167652e-10
-3.799343951032626273e-10
-3.582091910170249293e-10
-3.362551794029496355e-10
-3.141830279797084947e-10
-2.921017888788392078e-10
-2.701229376125803665e-10
-2.483559302092531966e-10
-2.269090110068285044e-10
-2.058875970657927843e-10
-1.854005385692920522e-10
-1.655488097131945719e-10
-1.464317691062347919e-10
-1.281433227505701957e-10
-1.107779824935335022e-10
-9.442036471126233794e-11
-7.915246045080174120e-11
-6.505101010101163781e-11
-5.218568585704113463e-11
-4.062191899781287677e-11
-3.041645702140485589e-11
-2.162099871610162650e-11
-1.427936688291003273e-11
-8.428921974301336844e-12
-4.098946507077345221e-12
-1.309635320411715161e-12
-7.593259529295372496e-14
-4.043006802566313034e-13
-2.291710349426699148e-12
-5.730083667133694791e-12
-1.070185112329653374e-11
-1.718156722055640986e-11
-2.513813190658588999e-11
-3.453095355464591689e-11
-4.531257429267840419e-11
-5.742927584848140894e-11
-7.082168539488438337e-11
-8.542114047869689062e-11
-1.011559494208524581e-10
-1.179469484517903209e-10
-1.357097231437646019e-10
-1.543564259463698894e-10
-1.737927469606652008e-10
-1.939223568037922138e-10
-2.146454929702330067e-10
-2.358573442446763209e-10
-2.574522916182439255e-10
-2.793214849077898044e-10
-3.013576895173018341e-10
-3.234488240893662134e-10
-3.454844228537030334e-10
-3.673554336787745932e-10
-3.889517946910843538e-10
-4.101662712946202435e-10
-4.308918308417618754e-10
-4.510256816011153308e-10
-4.704668493768123201e-10
-4.891188028376027586e-10
-5.068870301361539272e-10
-5.236852993091943069e-10
-5.394269744966689051e-10
-5.540359211548930315e-10
-5.674374183789241520e-10
-5.795652270962726686e-10
-5.903557335635415590e-10
-5.997582487344049416e-10
-6.077259205819799304e-10
-6.142181574795274728e-10
-6.192028496327614528e-10
-6.226547534927147980e-10
-6.245573092912651090e-10
-6.248996118152586104e-10
-6.236806513227366195e-10
-6.209066882138429700e-10
-6.165914549792157495e-10
-6.107559542515955620e-10
-6.034306802381346312e-10
-5.946513778041703313e-10
-5.844616678023177636e-10
-5.729126431756862825e-10
-5.600616572675290764e-10
-5.459751510987274799e-10
-5.307211812772967200e-10
-5.143774979340553798e-10
-4.970234667869559346e-10
-4.787469353864037966e-10
-4.596399921990308455e-10
-4.397965432269945908e-10
-4.193163509758129024e-10
-3.983020052284879625e-10
-3.768605386326401580e-10
-3.550961565584055636e-10
-3.331195267244557730e-10
-3.110378837268030130e-10
-2.889647225616031893e-10
-2.670099031539610009e-10
-2.452826795838059370e-10
-2.238896806019749115e-10
-2.029387466496552574e-10
-1.825365064776838885e-10
-1.627849440238877514e-10
-1.437795808775582996e-10
-1.256171503183373287e-10
-1.083887310708980357e-10
-9.218075704690367658e-11
-7.707360370626539674e-11
-6.314380948945138553e-11
-5.046064269482727662e-11
-3.908610147865619331e-11
-2.907935671971696618e-11
-2.048887603202636451e-11
-1.335727052624081292e-11
-7.720487016089417634e-12
-3.607606069982248460e-12
-1.038216681917752955e-12
-2.564744575054554213e-14
-5.755529164492503142e-13
-2.683086332612189293e-12
-6.339563913394690280e-12
-1.152782004549914355e-11
-1.821998585086589919e-11
-2.638253789646668992e-11
-3.597609624591287637e-11
-4.695098159483726979e-11
-5.925347567103792725e-11
-7.282057057629304253e-11
-8.758582528972129409e-11
-1.034761344935140144e-10
-1.204109207793683215e-10
-1.383047599775796424e-10
-1.570698045377425651e-10
-1.766115426125243966e-10
-1.968324331287163175e-10
-2.176308960452748544e-10
-2.389027259920639326e-10
-2.605425059085970577e-10
-2.824419914569034234e-10
-3.044915246602700674e-10
-3.265814475419840272e-10
-3.486008904349819208e-10
-3.704401953625508377e-10
-3.919890985028025023e-10
-4.131407691565083159e-10
-4.337887805212231015e-10
-4.538313506075116231e-10
-4.731662935291551719e-10
-4.916972799032953995e-10
-5.093342407472177918e-10
-5.259877129233830443e-10
-5.415736859008287401e-10
-5.560156212390867157e-10
-5.692396058267813832e-10
-5.811806122817735642e-10
-5.917788638801092313e-10
-6.009812481947616642e-10
-6.087417209924149229e-10
-6.150215081818555841e-10
-6.197891058139727417e-10
-6.230222995656753718e-10
-6.247035199268823922e-10
-6.248238811683573933e-10
-6.233837871868838483e-10
-6.203899022793890643e-10
-6.158581803688202310e-10
-6.098084123975675333e-10
-6.022739198502675065e-10
-5.932920631793914179e-10
-5.829062612891626320e-10
-5.711690207614326592e-10
-5.581380988362381612e-10
-5.438811482248108920e-10
-5.284672352771247616e-10
-5.119735042788231431e-10
-4.944827540705180340e-10
-4.760834380477900558e-10
-4.568652212965702498e-10
-4.369262507352425932e-10
-4.163644713337993269e-10
-3.952840884623765256e-10
-3.737887016459350545e-10
-3.519871610676209296e-10
-3.299881149621883787e-10
-3.079032407902678334e-10
