-1.946782496340622279e-13
-7.799246888866683856e-13
-1.751094504747877105e-12
-3.104552626166430116e-12
-4.832221117472863651e-12
-6.926627888172925498e-12
-9.376463828329365616e-12
-1.217021787961320142e-11
-1.529314780942765942e-11
-1.873030943678423438e-11
-2.246514299356053005e-11
-2.647704974379940890e-11
-3.074664264189416259e-11
-3.525392879706286979e-11
-3.997568414425582390e-11
-4.488686708289769561e-11
-4.996607108346439459e-11
-5.518542726789627942e-11
-6.051949013883454114e-11
-6.594180445696168788e-11
-7.142248186030070596e-11
-7.693870218058536195e-11
-8.245976926227169584e-11
-8.795902591765049212e-11
-9.340941106222902335e-11
-9.878345971473112771e-11
-1.040549185842310499e-10
-1.091959187926691421e-10
-1.141826304298204879e-10
-1.189894060499345418e-10
-1.235903962588690216e-10
-1.279639925787081135e-10
-1.320891923767112132e-10
-1.359441852265707702e-10
-1.395111996698139654e-10
-1.427712525576175606e-10
-1.457075821734674196e-10
-1.483072638202924013e-10
-1.505545455235370527e-10
-1.524399357087897544e-10
-1.539551544919893068e-10
-1.550905083503323541e-10
-1.558419583159841646e-10
-1.562046576275430606e-10
-1.561769906978751492e-10
-1.557589575269804307e-10
-1.549535873407349535e-10
-1.537631015714478202e-10
-1.521955781547884938e-10
-1.502578833360760181e-10
-1.479595086897220122e-10
-1.453121672224471978e-10
-1.423289855797144525e-10
-1.390245040457288100e-10
-1.354158882337878794e-10
-1.315198998604057969e-10
-1.273581474034983765e-10
-1.229498159602805930e-10
-1.183173218022352068e-10
-1.134840909428036611e-10
-1.084739532922108721e-10
-1.033119504510321757e-10
-9.802554740054374664e-11
-9.263817015418702806e-11
-8.717849538358860127e-11
-8.167419001841640345e-11
-7.615191124637965008e-11
-7.063952794553798909e-11
-6.516369730360064891e-11
-5.975370183736943348e-11
-5.443458314741967862e-11
-4.923481595698624195e-11
-4.417863407307751298e-11
-3.929229078661924049e-11
-3.460001990461982691e-11
-3.012504549212897236e-11
-2.588937992384596395e-11
-2.191503557447008879e-11
-1.822200533478326498e-11
-1.482806066325831794e-11
-1.175117496675979995e-11
-9.006494374667952847e-12
-6.604924100136555115e-12
-4.561812220937584340e-12
-2.886852259874397930e-12
-1.587112410657774939e-12
-6.698628153902327176e-13
-1.407580290403956037e-13
2.019483917365790715e-16
-2.504160057533580380e-13
-8.901885107748405317e-13
-1.916894134363608482e-12
-3.323464682808881776e-12
-5.104649497925508752e-12
-7.249139469776242196e-12
-9.748250817516407595e-12
-1.258966468925007605e-11
-1.575803300720526433e-11
-1.923820964200173062e-11
-2.301181728999144946e-11
-2.706249813144375149e-11
-3.136702810130893335e-11
-3.590581820558854687e-11
-4.065604827601635863e-11
-4.559207086684182955e-11
-5.069086386140697670e-11
-5.592718371074473417e-11
-6.127477712392934668e-11
-6.670597717129290290e-11
-7.219473251030138414e-11
-7.771317426289514251e-11
-8.323363549940626666e-11
-8.872804539338338504e-11
-9.416974675711724337e-11
-9.953046681576473351e-11
-1.047847600719670465e-10
-1.099053634928397442e-10
-1.148670335294157542e-10
-1.196457383230784236e-10
-1.242152245829019971e-10
-1.285561052632797632e-10
-1.326455601959454884e-10
-1.364611731094164125e-10
-1.399857783903949261e-10
-1.432003928900577910e-10
-1.460884568402826076e-10
-1.486386611311321275e-10
-1.508366674267930536e-10
-1.526701568753694545e-10
-1.541314554379753403e-10
-1.552124851789412478e-10
-1.559088032336489723e-10
-1.562159667374803090e-10
-1.561337737420435213e-10
-1.556610125569881898e-10
-1.548003085114068900e-10
-1.535563064183095633e-10
-1.519348627810565703e-10
-1.499454691740595303e-10
-1.475968093781631163e-10
-1.449010002968715230e-10
-1.418703607820806816e-10
-1.385226622922634111e-10
-1.348706275760991161e-10
-1.309368748534622933e-10
-1.267391755828257618e-10
-1.222973207065797062e-10
-1.176347362381655697e-10
-1.127756559845917418e-10
-1.077429001141244560e-10
-1.025619141241225212e-10
-9.725874935711995609e-11
-9.185925520725904278e-11
-8.639251224294983572e-11
-8.088295621959248684e-11
-7.535986965398878716e-11
-6.984970778545622854e-11
-6.438296482114703441e-11
-5.898549015520348688e-11
-5.368212343980918518e-11
-4.850113744980725037e-11
-4.346716988898953862e-11
-3.860748379024050103e-11
-3.394510127021810114e-11
-2.950304444558030897e-11
-2.530312374263467505e-11
-2.136674569090527352e-11
-1.771592266509139795e-11
-1.436620469135676171e-11
-1.133516127978244717e-11
-8.637736611356959553e-12
-6.287663176718389471e-12
-4.296452034195719505e-12
-2.672988913025360342e-12
-1.427775129577614091e-12
-5.662632904293676792e-13
-9.128067306493374327e-14
-5.856503360360793221e-15
-3.116063684495414817e-13
-1.005702990848163732e-12
-2.085722989855388545e-12
-3.546819604069538174e-12
-5.379299310687256222e-12
-7.575891967606027054e-12
-1.012488456810512747e-11
-1.301335241511341884e-11
-1.622736106960107398e-11
-1.974994686666222186e-11
-2.356495393495793940e-11
-2.765279328048977197e-11
-3.199226032212538200e-11
-3.656275632390763843e-11
-4.134045137561162494e-11
-4.630232336057937797e-11
-5.142252288466860250e-11
-5.667681614087091550e-11
-6.203713230273493249e-11
-6.747943951164400056e-11
-7.297344550883763285e-11
-7.849350284856528385e-11
-8.401154070437556905e-11
-8.950049799177579980e-11
-9.493230388431456576e-11
-1.002813109362413343e-10
-1.055178327339708284e-10
-1.106176354704946584e-10
-1.155542639064953326e-10
-1.203048978737066175e-10
-1.248444957715531774e-10
-1.291504393801605153e-10
-1.332009182732210807e-10
-1.369763434567364255e-10
-1.404583376270585210e-10
-1.436285234805393385e-10
-1.464703412490564785e-10
-1.489706642871470634e-10
-1.511165678977399521e-10
-1.528975507644648425e-10
-1.543047271580853251e-10
-1.553308269364988831e-10
-1.559718111318707849e-10
-1.562226310344076161e-10
-1.560842963860680595e-10
-1.555562013416769053e-10
-1.546411731787184658e-10
-1.533420391746770529e-10
-1.516688967491394957e-10
-1.496267946118992087e-10
-1.472278496664603864e-10
-1.444833710227602775e-10
-1.414070911714369693e-10
-1.380153679322211246e-10
-1.343239532796681967e-10
-1.303504167238592678e-10
-1.261157608975349423e-10
-1.216419981753945072e-10
-1.169507370353537765e-10
-1.120649995940707203e-10
-1.070090196585537279e-10
-1.018096563649037644e-10
-9.649174936530442897e-11
-9.108235974424842328e-11
-8.560794274105322622e-11
-8.009475164664461891e-11
-7.457227092621612897e-11
-6.906796556104393114e-11
-6.360768494527030754e-11
-5.822131744087227186e-11
-5.293289490646647701e-11
-4.777048816850430746e-11
-4.276035051791151204e-11
-3.792792745204691262e-11
-3.329523134560978985e-11
-2.888649600560853322e-11
-2.472454160030937615e-11
-2.082895712371076358e-11
-1.721852377624420382e-11
-1.391363834547508812e-11
-1.092944696078365991e-11
-8.280489906374951262e-12
-5.980701621278789358e-12
-4.040785370257210463e-12
-2.470838572897044740e-12
-1.278939164867755149e-12
-4.723572882718584339e-13
-5.311242702672029546e-14
-2.483965218359922604e-14
-3.863272733920757704e-13
-1.136969445476940097e-12
-2.270707716686094929e-12
-3.783301170793072209e-12
-5.668691356045774768e-12
-7.915771110898689548e-12
-1.051424106737325183e-11
-1.344915704448095637e-11
-1.670880603550107837e-11
-2.027400294321864443e-11
-2.412899579307820461e-11
-2.825419559108130430e-11
-3.262819580770386934e-11
-3.722918601663834920e-11
-4.203474994640198361e-11
-4.702085573837812613e-11
-5.216185594681621830e-11
-5.743190117757398446e-11
-6.280534398490087909e-11
-6.825593107787114690e-11
-7.375538968164166683e-11
-7.927625481493626414e-11
-8.479227318682918355e-11
-9.027416228051863403e-11
-9.569546685668709788e-11
-1.010281160888832035e-10
-1.062472703249233518e-10
-1.113256665319231045e-10
-1.162384650576988623e-10
-1.209612301468504993e-10
-1.254677085084522602e-10
-1.297383111485056968e-10
-1.337506217955280488e-10
-1.374848495071291315e-10
-1.409234247732278625e-10
-1.440483741869596863e-10
-1.468423301866352571e-10
-1.492925700235751704e-10
-1.513881884846256509e-10
-1.531172706146742405e-10
-1.544717384780514760e-10
-1.554449277778300503e-10
-1.560303761654743929e-10
-1.562268719506340843e-10
-1.560317898042165489e-10
-1.554487647972730453e-10
-1.544786047233705197e-10
-1.531271660858693328e-10
-1.514003053881298456e-10
-1.493081200497388870e-10
-1.468596977483246029e-10
-1.440669534389994516e-10
-1.409448313027519399e-10
-1.375082755205705747e-10
-1.337754614477116480e-10
-1.297643624910397155e-10
-1.254943656961614887e-10
-1.209886951281266741e-10
-1.162685553680676126e-10
-1.113575743778174839e-10
-1.062799859643846776e-10
-1.010610336767362659e-10
-9.572798054775668710e-11
-9.030647402319648667e-11
-8.482458492950703619e-11
-7.930856655761411678e-11
-7.378749947592778289e-11
-6.828783892376552638e-11
-6.283644403722831226e-11
-5.746239538472620790e-11
-5.219093651522628568e-11
-4.704892656482951062e-11
-4.206241687606989494e-11
-3.725624710113105079e-11
-3.265404520184615145e-11
-2.827883329487316694e-11
-2.415322960008659409e-11
-2.029702505987661443e-11
-1.673081841020036548e-11
-1.346894798687114112e-11
-1.053080083549565131e-11
-7.930109446711986659e-12
-5.681010207941706089e-12
-3.794610280730320635e-12
-2.278785652355558090e-12
-1.141816206878617993e-12
-3.901642928350707718e-13
-2.645523931749185822e-14
-5.149683989282766328e-14
-4.685202688288634324e-13
-1.272678764723921200e-12
-2.461145050093688947e-12
-4.029274311928225458e-12
-5.965757440290282510e-12
-8.262718447902132308e-12
-1.090945407000173697e-11
-1.389243376434274733e-11
-1.719550165958623381e-11
-2.080391552313542778e-11
-2.469727856742493798e-11
-2.885822323076541215e-11
-3.326554493202451273e-11
-3.789844298685337208e-11
-4.273066410432623492e-11
-4.774059980652729377e-11
-5.290179485413904384e-11
-5.818900569819441922e-11
-6.357577709937592806e-11
-6.903464407640739561e-11
-7.453995918353827633e-11
-8.006264185235850285e-11
-8.557542904998363700e-11
-9.105105774352925353e-11
-9.646226490011088843e-11
-1.017805757964936970e-10
-1.069815546772775531e-10
-1.120381404579697553e-10
-1.169252915379949676e-10
-1.216175624199943812e-10
-1.260929407292687089e-10
-1.303280004523765076e-10
-1.343011331114019632e-10
-1.379953750414392033e-10
-1.413899255581393601e-10
-1.444684268417717707e-10
-1.472151269177809820e-10
-1.496156874503536968e-10
-1.516587993295526668e-10
-1.533357787745332190e-10
-1.546367303141002610e-10
-1.555547877029347493e-10
-1.560857100248102155e-10
-1.562268719506340843e-10
-1.559770617900559360e-10
-1.553389048721683463e-10
-1.543142187324969443e-10
-1.529082540292268812e-10
-1.511292906464193566e-10
-1.489862143133107800e-10
-1.464881127075292975e-10
-1.436485163713212599e-10
-1.404805519501495447e-10
-1.370017889540952345e-10
-1.332277774093220457e-10
-1.291783082582201632e-10
-1.248735763399632447e-10
-1.203359979260340507e-10
-1.155861717523897121e-10
-1.106505530583477208e-10
-1.055531737025247297e-10
-1.003166519047952356e-10
-9.496966433678583288e-11
-8.953866623781401323e-11
-8.405011284719725564e-11
-7.853268083656218018e-11
-7.301221960005105603e-11
-6.751780970607395057e-11
-6.207590639394835566e-11
-5.671417659334218262e-11
-5.145968138874813304e-11
-4.633887601948369878e-11
-4.137619624094899942e-11
-3.659789534406980318e-11
-3.202618765193712727e-11
-2.768490307477588803e-11
-2.359665983246058231e-11
-1.977983522863923556e-11
-1.625603774122766820e-11
-1.303940375764743754e-11
-1.014709889119615116e-11
-7.595884858387948377e-12
-5.397676614335284913e-12
-3.562975475408464496e-12
-2.100061325668685656e-12
-1.017415997568885316e-12
-3.200882009024778007e-13
-1.211690350419474449e-14
-9.410795054924584958e-14
-5.660613420376311002e-13
-1.425351748876775142e-12
-2.668142151623682445e-12
-4.286556563000627133e-12
-6.275950169997667888e-12
-8.623600223935399021e-12
-1.131920735683525742e-11
-1.434762543931699644e-11
-1.769552587752600347e-11
-2.134473331620598640e-11
-2.527868798723454899e-11
-2.947557946430413422e-11
-3.391662654698324350e-11
-3.857759542826348733e-11
-4.343707957862078834e-11
-4.846922960391287088e-11
-5.365001364552306912e-11
-5.895297646413389766e-11
-6.435226866560307440e-11
-6.981961747508747826e-11
-7.532796180809440767e-11
-8.085044252852289761e-11
-8.635919075831330018e-11
-9.182674151618945355e-11
-9.722562982087515713e-11
-1.025283906910942491e-10
-1.077095786294879205e-10
-1.127437481386973624e-10
-1.176044439794050828e-10
-1.222682401381696388e-10
-1.267102969628074310e-10
-1.309096118205778551e-10
-1.348459898723072534e-10
-1.384990343304302314e-10
-1.418493581493400773e-10
-1.448816132512648114e-10
-1.475784320745150876e-10
-1.499297171995040772e-10
-1.519213322388102195e-10
-1.535441895148053685e-10
-1.547912208337787440e-10
-1.556541463116691461e-10
-1.561295328258170532e-10
-1.562151589439133627e-10
-1.559096110272159186e-10
-1.552159183016007697e-10
-1.541365041477687548e-10
-1.526784367594306543e-10
-1.508473706915550923e-10
-1.486515858282032686e-10
-1.461042088148380608e-10
-1.432175585033554002e-10
-1.400037517972594817e-10
-1.364815698969818069e-10
-1.326693901061704047e-10
-1.285831663477724648e-10
-1.242441032029203279e-10
-1.196740110979215447e-10
-1.148977296849597142e-10
-1.099376752355175968e-10
-1.048172737630366357e-10
-9.956338440361779589e-11
-9.420367408692898864e-11
-8.876318441354554979e-11
-8.326796672600148509e-11
-7.774790938627383410e-11
-7.222966958207181232e-11
-6.673970255271291160e-11
-6.130769471178240906e-11
-5.595909155663911366e-11
-5.072236781051788303e-11
-4.562195922881884325e-11
-4.068452299925121627e-11
-3.593368708364819477e-11
-3.139429113419337151e-11
-2.708733778362735071e-11
-2.303544525182462921e-11
-1.925921227474233484e-11
-1.577721810442023934e-11
-1.260743614772289501e-11
-9.764406688855333917e-12
-7.262064166847383253e-12
-5.114544969120601124e-12
-3.331542618478344937e-12
-1.922346740940496116e-12
-8.950352721765184283e-13
-2.528393864541969863e-13
2.019483917365790715e-16
-1.377288031643469184e-13
-6.652180023802914001e-13
-1.578832526596575199e-12
-2.876350943504095821e-12
-4.548887523866443283e-12
-6.589777970756311689e-12
-8.987915122628187577e-12
-1.173158597276135179e-11
-1.480705803051771372e-11
-1.819898321812529497e-11
-2.189039787067822615e-11
-2.586252078774499894e-11
-3.009475323336848551e-11
-3.456710231676676453e-11
-3.925917125037444153e-11
-4.414369700130708481e-11
-4.919987888521581378e-11
-5.439984802404098703e-11
-5.971755307524858584e-11
-6.512734659308806468e-11
-7.060176359628324882e-11
-7.611414689712490981e-11
-8.163521397881124369e-11
-8.713972129237517810e-11
-9.260020385654055121e-11
-9.798838889646421610e-11
-1.032762055856948012e-10
-1.084386123236569708e-10
-1.134495577678167060e-10
-1.182833944724234615e-10
-1.229164944756440574e-10
-1.273262395576039970e-10
-1.314892037048618369e-10
-1.353859998718108657e-10
-1.389958273741022158e-10
-1.423019244952217509e-10
-1.452871256218718620e-10
-1.479379002118061983e-10
-1.502382943420775699e-10
-1.521784125414908846e-10
-1.537471476485006304e-10
-1.549388451081381833e-10
-1.557468406234762359e-10
-1.561668932782883203e-10
-1.561967816402653340e-10
-1.558365057094072770e-10
-1.550882869180232517e-10
-1.539547505952058337e-10
-1.524423590894905934e-10
-1.505581805945883111e-10
-1.483133222720444987e-10
-1.457166698510955656e-10
-1.427819558223795993e-10
-1.395251341088437894e-10
-1.359597352527344867e-10
-1.321057521448336127e-10
-1.279821679339644056e-10
-1.236089755109087869e-10
-1.190083891987577802e-10
-1.142036330625610921e-10
-1.092187389609353755e-10
-1.040781426492807565e-10
-9.880809741852299035e-11
-9.343324097245393967e-11
-8.798305777626714502e-11
-8.248339722410487559e-11
-7.696071455528464907e-11
