3.412927820348186106e-14
6.906634997391003821e-14
1.035995249608650636e-13
1.387385451230298135e-13
1.726658749347751145e-13
2.074009983134667063e-13
2.423380700838948771e-13
2.766692966791133109e-13
3.112024716660683237e-13
3.455336982612868079e-13
3.804707700317149788e-13
4.152058934104065706e-13
4.501429651808347414e-13
4.844741917760531752e-13
5.192093151547447670e-13
5.541463869251729379e-13
5.888815103038645297e-13
6.226068917238732264e-13
6.571400667108282392e-13
6.916732416977833529e-13
7.258025199012652077e-13
7.605376432799567995e-13
7.952727666586483913e-13
8.304117868208131412e-13
8.651469101995047330e-13
8.996800851864597458e-13
9.340113117816781796e-13
9.691503319438429294e-13
1.003481558539061363e-12
1.038014733526016376e-12
1.072547908512971389e-12
1.107888877066872718e-12
1.142422052053827730e-12
1.177763020607729059e-12
1.212296195594684072e-12
1.246425473798165927e-12
1.281564493960330677e-12
1.316097668947285690e-12
1.351236689109450439e-12
1.385164018921195917e-12
1.420504987475097246e-12
1.455442059245525417e-12
1.490581079407690167e-12
1.525316202786381758e-12
1.559243532598127034e-12
1.594180604368555205e-12
1.628309882572037060e-12
1.663650851125938389e-12
1.698385974504629980e-12
1.732919149491584993e-12
1.766846479303330269e-12
1.801985499465495019e-12
1.836922571235923190e-12
1.871253797831141623e-12
1.906796714776779531e-12
1.940925992980261386e-12
1.975863064750689557e-12
2.011002084912854307e-12
2.045131363116336162e-12
2.080876228453710648e-12
2.115611351832402240e-12
2.151154268778040148e-12
2.185687443764995161e-12
2.219614773576740437e-12
2.254753793738905187e-12
2.289286968725860199e-12
2.323820143712815212e-12
2.360170854225399436e-12
2.394098184037144712e-12
2.428833307415836304e-12
2.463770379186264475e-12
2.498707450956692645e-12
2.533240625943647658e-12
2.568581594497548987e-12
2.602912821092767421e-12
2.637244047687985855e-12
2.671575274283204288e-12
2.706714294445369038e-12
2.741247469432324455e-12
2.776386489594489205e-12
2.811121612973180797e-12
2.845654787960135809e-12
2.879784066163617664e-12
2.914923086325782414e-12
2.949254312921000848e-12
2.983989436299692440e-12
3.019330404853593768e-12
3.054267476624021939e-12
3.088598703219240373e-12
3.124141620164878281e-12
3.158472846760096715e-12
3.192400176571841991e-12
3.226933351558797003e-12
3.261870423329225174e-12
3.296605546707916766e-12
3.330936773303135200e-12
3.365873845073563371e-12
3.401214813627464699e-12
3.435142143439209975e-12
3.470685060384847883e-12
3.505016286980066317e-12
3.539347513575284751e-12
3.574284585345712921e-12
3.608413863549194776e-12
3.643552883711359526e-12
3.677682161914841381e-12
3.712215336901796394e-12
3.746950460280487985e-12
3.781887532050916156e-12
3.816420707037871169e-12
3.851155830416562761e-12
3.885890953795254353e-12
3.920828025565682524e-12
3.955159252160900957e-12
3.989288530364382812e-12
4.023821705351337825e-12
4.059364622296975733e-12
4.093897797283930746e-12
4.128834869054358916e-12
4.163368044041313929e-12
4.197901219028268942e-12
4.232636342406960534e-12
4.266967569002178968e-12
4.301702692380870559e-12
4.335630022192615835e-12
4.370769042354780585e-12
4.406513907692155072e-12
4.441249031070846664e-12
4.474974412490855360e-12
4.510315381044756689e-12
4.545050504423448281e-12
4.579583679410403294e-12
4.614318802789094886e-12
4.649659771342996215e-12
4.683990997938214648e-12
4.718322224533433082e-12
4.753663193087334411e-12
4.788196368074289424e-12
4.822729543061244437e-12
4.857464666439936028e-12
4.891593944643417883e-12
4.926934913197319212e-12
4.961871984967747383e-12
4.996809056738175554e-12
5.031746128508603725e-12
5.066077355103822158e-12
5.100610530090777171e-12
5.134941756685995605e-12
5.170282725239896934e-12
5.204815900226851947e-12
5.239147126822070380e-12
5.273882250200761972e-12
5.308011528404243827e-12
5.342746651782935419e-12
5.377683723553363590e-12
5.413226640499001497e-12
5.448163712269429668e-12
5.483302732431595226e-12
5.518037855810286818e-12
5.551763237230295514e-12
5.587306154175933422e-12
5.621637380771151856e-12
5.656776400933316606e-12
5.692117369487217935e-12
5.726650544474172948e-12
5.760981771069391381e-12
5.796322739623292710e-12
5.831461759785457460e-12
5.865591037988939315e-12
5.899922264584157749e-12
5.934455439571112762e-12
5.969594459733277511e-12
6.003925686328495945e-12
6.039064706490660695e-12
6.074203726652825445e-12
6.108736901639780458e-12
6.143270076626735470e-12
6.178207148397163641e-12
6.212740323384118654e-12
6.248283240329756562e-12
6.282210570141501838e-12
6.317147641911930009e-12
6.351680816898885021e-12
6.386415940277576613e-12
6.420949115264531626e-12
6.455078393468013481e-12
6.490419362021914810e-12
6.524750588617133243e-12
6.559283763604088256e-12
6.594220835374516427e-12
6.628148165186261703e-12
6.663085236956689874e-12
6.696810618376698570e-12
6.731545741755390162e-12
6.766684761917554912e-12
6.801217936904509925e-12
6.835953060283201517e-12
6.870284286878419950e-12
6.904615513473638384e-12
6.939956482027539713e-12
6.974287708622758147e-12
7.009224780393186318e-12
7.043959903771877909e-12
7.078089181975359764e-12
7.112622356962314777e-12
7.147761377124479527e-12
7.182092603719697961e-12
7.216423830314916394e-12
7.251360902085344565e-12
7.285894077072299578e-12
7.320831148842727749e-12
7.355970169004892499e-12
7.390301395600110932e-12
7.424834570587065945e-12
7.460175539140967274e-12
7.495314559303132024e-12
7.528837992331404142e-12
7.564582857668778629e-12
7.598308239088787325e-12
7.632639465684005759e-12
7.668384331021380246e-12
7.702513609224862101e-12
7.737854577778763430e-12
7.772993597940928180e-12
7.806920927752673455e-12
7.842463844698311363e-12
7.877400916468739534e-12
7.912136039847431126e-12
7.947073111617859297e-12
7.981404338213077730e-12
8.016543358375242480e-12
8.051480430145670651e-12
8.086619450307835401e-12
8.121354573686526993e-12
8.156493593848691743e-12
8.190622872052173597e-12
8.225156047039128610e-12
8.260497015593029939e-12
8.295232138971721531e-12
8.330169210742149702e-12
8.364702385729104715e-12
8.399639457499532885e-12
8.434980426053434214e-12
8.469311652648652648e-12
8.504652621202553977e-12
8.538983847797772411e-12
8.573920919568200581e-12
8.609059939730365331e-12
8.643795063109056923e-12
8.678732134879485094e-12
8.713669206649913265e-12
8.748404330028604857e-12
8.783341401799033027e-12
8.818480421961197777e-12
8.853215545339889369e-12
8.887344823543371224e-12
8.922483843705535974e-12
8.957420915475964145e-12
8.992357987246392315e-12
9.027698955800293644e-12
9.062434079178985236e-12
9.096967254165940249e-12
9.131702377544631841e-12
9.166437500923323433e-12
9.201374572693751603e-12
9.235503850897233458e-12
9.270037025884188471e-12
9.304368252479406905e-12
9.339305324249835076e-12
9.373838499236790088e-12
9.408775571007218259e-12
9.443510694385909851e-12
9.478043869372864864e-12
9.512577044359819877e-12
9.547110219346774889e-12
9.581441445941993323e-12
9.616378517712421494e-12
9.651113641091113086e-12
9.685242919294594941e-12
9.719978042673286532e-12
9.754107320876768387e-12
9.789044392647196558e-12
9.824183412809361308e-12
9.858918536188052900e-12
9.893653659566744491e-12
9.928590731337172662e-12
9.963123906324127675e-12
9.997859029702819267e-12
1.003219025629803770e-11
1.006631953450151956e-11
1.010186245144715746e-11
1.013659757482584906e-11
1.017032295624585775e-11
1.020546197640802250e-11
1.024039904817845067e-11
1.027533611994887884e-11
1.031007124332757044e-11
1.034541221188147176e-11
1.037893564490974388e-11
1.041346881989669889e-11
1.044800199488365391e-11
1.048293906665408208e-11
1.051787613842451025e-11
1.055261126180320184e-11
1.058775028196536659e-11
1.062167761177711187e-11
1.065621078676406688e-11
1.069034006496754873e-11
1.072527713673797690e-11
1.076021420850840508e-11
1.079434348671188693e-11
1.082907861009057852e-11
1.086421763025274327e-11
1.089875080523969828e-11
1.093328398022665491e-11
1.096761520682187335e-11
1.100214838180882836e-11
1.103728740197099311e-11
1.107202252534968470e-11
1.110615180355316656e-11
1.114129082371533131e-11
1.117542010191881316e-11
1.121055912208097791e-11
1.124509229706793292e-11
1.127982742044662452e-11
1.131496644060878927e-11
1.134949961559574428e-11
1.138403279058269929e-11
1.141796012039444457e-11
1.145269524377313616e-11
1.148803621232703749e-11
1.152277133570572908e-11
1.155750645908442067e-11
1.159244353085484884e-11
1.162758255101701359e-11
1.166211572600396860e-11
1.169624500420745046e-11
1.173118207597787863e-11
1.176591719935657022e-11
1.180045037434352523e-11
1.183538744611395341e-11
1.186992062110090842e-11
1.190465574447960001e-11
1.193979476464176476e-11
1.197473183641219293e-11
1.200966890818262110e-11
1.204400013477783954e-11
1.207913915494000429e-11
1.211448012349390561e-11
1.214881135008912405e-11
1.218374842185955222e-11
1.221969523558866328e-11
1.225402646218388172e-11
1.228855963717083673e-11
1.232349670894126490e-11
1.235843378071169307e-11
1.239276500730691151e-11
1.242689428551039336e-11
1.246162940888908495e-11
1.249596063548430339e-11
1.253049381047125840e-11
1.256502698545821341e-11
1.259956016044516843e-11
1.263409333543212344e-11
1.266923235559428819e-11
1.270356358218950662e-11
1.273789480878472506e-11
1.277343772573036296e-11
1.280817284910905456e-11
1.284250407570427299e-11
1.287744114747470116e-11
1.291197432246165617e-11
1.294691139423208434e-11
1.298205041439424909e-11
1.301658358938120411e-11
1.305131871275989570e-11
1.308645773292206045e-11
1.312119285630075204e-11
1.315653382485465337e-11
1.319106699984160838e-11
1.322600407161203655e-11
1.326033529820725499e-11
1.329446457641073684e-11
1.332940164818116501e-11
1.336353092638464687e-11
1.339826604976333846e-11
1.343340506992550321e-11
1.346793824491245822e-11
1.350267336829114981e-11
1.353700459488636825e-11
1.357194166665679642e-11
1.360687873842722459e-11
1.364141191341417960e-11
1.367634898518460777e-11
1.371128605695503594e-11
1.374561728355025438e-11
1.378015045853720939e-11
1.381448168513242782e-11
1.384982265368632915e-11
1.388455777706502074e-11
1.391888900366023918e-11
1.395362412703893077e-11
1.398876314720109552e-11
1.402349827057978711e-11
1.405863729074195186e-11
1.409377631090411661e-11
1.412851143428280820e-11
1.416324655766149979e-11
1.419777973264845481e-11
1.423251485602714640e-11
1.426745192779757457e-11
1.430279289635147590e-11
1.433752801973016749e-11
1.437165729793364934e-11
1.440558462774539462e-11
1.444052169951582279e-11
1.447545877128625096e-11
1.451039584305667913e-11
1.454513096643537073e-11
1.457986608981406232e-11
1.461500510997622707e-11
1.464953828496318208e-11
1.468407145995013709e-11
1.471840268654535553e-11
1.475293586153231054e-11
1.478767098491100213e-11
1.482281000507316688e-11
1.485734318006012189e-11
1.489288609700575980e-11
1.492822706555966113e-11
1.496336608572182588e-11
1.499769731231704431e-11
1.503324022926268222e-11
1.506797535264137381e-11
1.510271047602006541e-11
1.513805144457396673e-11
1.517177682599397543e-11
1.520711779454787676e-11
1.524124707275135861e-11
1.527557829934657705e-11
1.531071731950874180e-11
1.534504854610396023e-11
1.537958172109091524e-11
1.541431684446960684e-11
1.544885001945656185e-11
1.548358514283525344e-11
1.551791636943047187e-11
1.555184369924221715e-11
1.558657882262090874e-11
1.562131394599960033e-11
1.565604906937829193e-11
1.569017834758177378e-11
1.572511541935220195e-11
1.575985054273089354e-11
1.579478761450132171e-11
1.583012858305522304e-11
1.586425786125870490e-11
1.589818519107045017e-11
1.593312226284087834e-11
1.596785738621956994e-11
1.600319835477347127e-11
1.603752958136868970e-11
1.607246665313911787e-11
1.610760567330128262e-11
1.614193689989650105e-11
1.617788371362561212e-11
1.621201299182909397e-11
1.624654616681604899e-11
1.628107934180300400e-11
1.631561251678995901e-11
1.635054958856038718e-11
1.638548666033081535e-11
1.641961593853429721e-11
1.645455301030472538e-11
1.648949008207515355e-11
1.652382130867037198e-11
1.655815253526559042e-11
1.659349350381949175e-11
1.662802667880644676e-11
1.666195400861819204e-11
1.669689108038862021e-11
1.673142425537557522e-11
1.676696717232121313e-11
1.680109645052469498e-11
1.683623547068685973e-11
1.687056669728207817e-11
1.690509987226903318e-11
1.693943109886425161e-11
1.697396427385120662e-11
1.700849744883816164e-11
1.704343452060858981e-11
1.707816964398728140e-11
1.711270281897423641e-11
1.714763989074466458e-11
1.718257696251509275e-11
1.721731208589378435e-11
1.725245110605594910e-11
1.728658038425943095e-11
1.732111355924638596e-11
1.735584868262507756e-11
1.739038185761203257e-11
1.742531892938246074e-11
1.746025600115288891e-11
1.749499112453158050e-11
1.752932235112679894e-11
1.756365357772201737e-11
1.759919649466765528e-11
1.763473941161329319e-11
1.766947453499198478e-11
1.770380576158720321e-11
1.773934867853284112e-11
1.777428575030326929e-11
1.780841502850675114e-11
1.784315015188544274e-11
1.787748137848066117e-11
1.791201455346761618e-11
1.794654772845457120e-11
1.798108090344152621e-11
1.801682576877890070e-11
1.805115699537411913e-11
1.808589211875281072e-11
1.812143503569844863e-11
1.815596821068540364e-11
1.819009748888888550e-11
1.822523650905105025e-11
1.826017358082147842e-11
1.829470675580843343e-11
1.832944187918712502e-11
1.836498479613276293e-11
1.839951797111971794e-11
1.843364724932319980e-11
1.846898821787710113e-11
1.850352139286405614e-11
1.853866041302622089e-11
1.857339553640491248e-11
1.860853455656707723e-11
1.864306773155403224e-11
1.867760090654098726e-11
1.871213408152794227e-11
1.874727310169010702e-11
1.878160432828532545e-11
1.881714724523096336e-11
1.885208431700139153e-11
1.888722333716355628e-11
1.892155456375877471e-11
1.895548189357051999e-11
1.899021701694921158e-11
1.902535603711137633e-11
1.905988921209833135e-11
1.909482628386875952e-11
1.912895556207224137e-11
1.916348873705919638e-11
1.919741606687094166e-11
1.923154534507442351e-11
1.926607852006137853e-11
1.930101559183180670e-11
1.933615461199397145e-11
1.937068778698092646e-11
1.940522096196788147e-11
1.944015803373830964e-11
1.947509510550873781e-11
1.951003217727916599e-11
1.954476730065785758e-11
1.957930047564481259e-11
1.961322780545655787e-11
1.964776098044351288e-11
1.968269805221394105e-11
1.971723122720089606e-11
1.975216829897132423e-11
1.978609562878306951e-11
1.982103270055349768e-11
1.985596977232392585e-11
1.989009905052740771e-11
1.992523807068957246e-11
1.995855955532610799e-11
1.999410247227174590e-11
2.002863564725870091e-11
2.006337077063739251e-11
2.009810589401608410e-11
2.013263906900303911e-11
2.016737419238173070e-11
2.020231126415215887e-11
2.023704638753085047e-11
2.027137761412606890e-11
2.030570884072128733e-11
2.034165565445039840e-11
2.037618882943735341e-11
2.041052005603257185e-11
2.044525517941126344e-11
2.047958640600648187e-11
2.051512932295211978e-11
2.054885470437212848e-11
2.058338787935908349e-11
2.061771910595430192e-11
2.065225228094125693e-11
2.068759324949515826e-11
2.072192447609037670e-11
2.075665959946906829e-11
2.079099082606428672e-11
2.082592789783471489e-11
