-1.363908985752004810e-13
-5.480615961062085262e-13
-1.230515689343292252e-12
-2.181921310295820149e-12
-3.398281656075141655e-12
-4.872935388533505829e-12
-6.600719970606405695e-12
-8.572975662701765032e-12
-1.078154232558858894e-11
-1.321726061931371987e-11
-1.586797360175751237e-11
-1.872285659842987116e-11
-2.176742119885943794e-11
-2.499017659474134234e-11
-2.837646784215053231e-11
-3.191047426298609935e-11
-3.557704131296191008e-11
-3.936068138088444357e-11
-4.324324232030107851e-11
-4.720740465202766245e-11
-5.123634849724112428e-11
-5.531258784330361777e-11
-5.941663827613297144e-11
-6.353018111582287020e-11
-6.763606341664285537e-11
-7.171546689832553056e-11
-7.574990634751088692e-11
-7.972322801919062840e-11
-8.361544789892150220e-11
-8.741257717659323134e-11
-9.109313303667931905e-11
-9.464512507051381363e-11
-9.805023459819039999e-11
-1.012939732092377199e-10
-1.043616859597307212e-10
-1.072400501733739020e-10
-1.099175750418623920e-10
-1.123801052216322205e-10
-1.146181483058228423e-10
-1.166200469526756933e-10
-1.183789732905893288e-10
-1.198859345130642851e-10
-1.211331035477769547e-10
-1.221178158594682372e-10
-1.228342427772588508e-10
-1.232785540317138384e-10
-1.234499169555647313e-10
-1.233466662142745918e-10
-1.229699675420192762e-10
-1.223209866729746409e-10
-1.214020550754923988e-10
-1.202190014204518320e-10
-1.187766551780100599e-10
-1.170801788852315894e-10
-1.151375661478937218e-10
-1.129574767055885332e-10
-1.105499025655376499e-10
-1.079256684022311674e-10
-1.050954323567054871e-10
-1.020740159063393548e-10
-9.887307639289133476e-11
-9.550626955956431630e-11
-9.198974915136659547e-11
-8.833883624603799944e-11
-8.456901845477204915e-11
-8.069928059128983477e-11
-7.674411106606271460e-11
-7.272332736008024767e-11
-6.865275015144334247e-11
-6.455186385423417050e-11
-6.043848754799796552e-11
-5.633010724537257374e-11
-5.224620736044016667e-11
-4.820427390583859051e-11
-4.422245902802046658e-11
-4.031824873962364109e-11
-3.650962865364704157e-11
-3.281258598164527029e-11
-2.924427366934878592e-11
-2.581951319413633428e-11
-2.255479136792359895e-11
-1.946409700082085692e-11
-1.656091930257730382e-11
-1.385808134912736023e-11
-1.136823968295175291e-11
-9.101552844725802061e-12
-7.069012042393296724e-12
-5.279610082453700670e-12
-3.741174037230621252e-12
-2.460365244871809409e-12
-1.441347041719609479e-12
-6.916134331902412669e-13
-2.129962872743362823e-13
-8.493206138382447534e-15
-7.593925488436070736e-14
-4.181655022250652110e-13
-1.034505814345720864e-12
-1.919131520367045596e-12
-3.069544618483632803e-12
-4.480249504723587961e-12
-6.145584041661322772e-12
-8.057887690426923655e-12
-1.020933337869678326e-11
-1.258876336507341875e-11
-1.518668524269628506e-11
-1.799210780362159312e-11
-2.099070917083167842e-11
-2.417166466983644568e-11
-2.751782135490543624e-11
-3.101668921701161707e-11
-3.465211451114669217e-11
-3.840777695884867171e-11
-4.226585748057232195e-11
-4.621186766584628458e-11
-5.022698923440316321e-11
-5.429307003979033652e-11
-5.839179140210148944e-11
-6.250516770833769442e-11
-6.661488027859263639e-11
-7.070244389950630648e-11
-7.475087215880193980e-11
-7.874118024275844618e-11
-8.265571560528428563e-11
-8.647749183410269325e-11
-9.018902291657582282e-11
-9.377548737532492851e-11
-9.721939919771216410e-11
-1.005041050383681522e-10
-1.036166152879047786e-10
-1.065436072700265413e-10
-1.092709256411694696e-10
-1.117864134592139180e-10
-1.140799121834845664e-10
-1.161412632733060946e-10
-1.179601416545494885e-10
-1.195292198552522223e-10
-1.208418365372665448e-10
-1.218913303624447053e-10
-1.226742041282591344e-10
-1.231866275652748755e-10
-1.234261026716865217e-10
-1.233909641129571355e-10
-1.230820445563551857e-10
-1.225003432026028349e-10
-1.216485245869591836e-10
-1.205305855123128822e-10
-1.191511889153673565e-10
-1.175168296008166635e-10
-1.156346685071696356e-10
-1.135121996398424926e-10
-1.111609138071401048e-10
-1.085898038155619361e-10
-1.058103604734128567e-10
-1.028345741893588183e-10
-9.967610070660271049e-11
-9.634976150252327898e-11
-9.286921232032341322e-11
-8.925044037155771548e-11
-8.550926633432709423e-11
-8.166300968781570191e-11
-7.772699150976336568e-11
-7.372019661389117573e-11
-6.965961141247589694e-11
-6.556472031959970082e-11
-6.145267628099304602e-11
-5.734163144310855387e-11
-5.324857221822298925e-11
-4.919481488840915517e-11
-4.519618013176796012e-11
-4.127165276202049427e-11
-3.743755305762874741e-11
-3.371120049777687200e-11
-3.011008109510271424e-11
-2.664951592734610131e-11
-2.334382687152469771e-11
-2.020733580465616797e-11
-1.725752873937835830e-11
-1.450423114945920133e-11
-1.196159837846266782e-11
-9.638623232888221537e-12
-7.547629188309201709e-12
-5.697942118132459655e-12
-4.095723760144664993e-12
-2.750133454298975266e-12
-1.666666804567284998e-12
-8.498202141993260739e-13
-3.049227537132992438e-13
-3.230749001659205533e-14
-3.380629109983601666e-14
-3.087530231482560339e-13
-8.566480858007707866e-13
-1.673661209622423485e-12
-2.758793193891051487e-12
-4.106714968088454043e-12
-5.710099060252105119e-12
-7.562284132234253775e-12
-9.655942712072373979e-12
-1.198058319218375800e-11
-1.452554743153200434e-11
-1.727984422217332394e-11
-2.023314848997870286e-11
-2.336897342303245750e-11
-2.667549514612232997e-11
-3.013822524877696196e-11
-3.374117651944175122e-11
-3.746852828001578928e-11
-4.130379371858339255e-11
-4.523031948977518368e-11
-4.922828811260160364e-11
-5.328271157623021281e-11
-5.737493813384730856e-11
-6.148648257209288204e-11
-6.559919274451431193e-11
-6.969441690429789560e-11
-7.375433597189839929e-11
-7.776063126740950793e-11
-8.169581677819337528e-11
-8.554207342470476760e-11
-8.928274786157430754e-11
-9.290052060961784264e-11
-9.638106979181770839e-11
-9.970724246244344613e-11
-1.028645502110236976e-10
-1.058385046270871044e-10
-1.086172818354214087e-10
-1.111865599590089460e-10
-1.135380123251650275e-10
-1.156579831906867639e-10
-1.175386454832505478e-10
-1.191711729298106093e-10
-1.205477384580433409e-10
-1.216638456646990107e-10
-1.225131662785372555e-10
-1.230937018981137498e-10
-1.233999569194565993e-10
-1.234335966771027415e-10
-1.231924562361541575e-10
-1.226777013307867037e-10
-1.218926626300742555e-10
-1.208403377361833009e-10
-1.195262222530857343e-10
-1.179541464502165127e-10
-1.161314377995381619e-10
-1.140694205759018587e-10
-1.117735903832794975e-10
-1.092541057623463985e-10
-1.065252885901202262e-10
-1.035976304741836884e-10
-1.004832883566564306e-10
-9.719641758110242336e-11
-9.375250575871518777e-11
-9.016587476651238831e-11
-8.645334448331709609e-11
-8.263123518759130093e-11
-7.871486795707482997e-11
-7.472439333966462982e-11
-7.067629814727638404e-11
-6.658806839254793886e-11
-6.247835582229299689e-11
-5.836547911641787323e-11
-5.426775695482888295e-11
-5.020200921634909719e-11
-4.618755378160699365e-11
-4.224204319669411234e-11
-3.838263040734091192e-11
-3.462780062690740124e-11
-3.099337453349448879e-11
-2.749583893901785814e-11
-2.415051492121733645e-11
-2.097172435711058824e-11
-1.797378912371527804e-11
-1.516936576351213262e-11
-1.257394188769467291e-11
-1.019567763549389383e-11
-8.046563415575747058e-12
-6.135258967532308816e-12
-4.471756298585205514e-12
-3.062550213428494317e-12
-1.914135516756232391e-12
-1.030842078364457848e-12
-4.184985691324527579e-13
-7.710498906021712173e-14
-1.015854067532018234e-14
