2.481348460037224868e-14
4.912736883966317691e-14
7.377431998634165211e-14
9.858780458671390079e-14
1.232347557333923760e-13
1.478817068800708512e-13
1.725286580267493264e-13
1.965094753586527077e-13
2.211564265053311829e-13
2.448041769298470172e-13
2.696176615302192658e-13
2.935984788621226471e-13
3.177458296477198019e-13
3.423927807943982771e-13
3.670397319410767523e-13
3.918532165414490009e-13
4.158340338733523822e-13
4.401479181126433105e-13
4.644618023519342387e-13
4.881095527764500730e-13
5.127565039231285482e-13
5.370703881624194764e-13
5.612177389480166312e-13
5.853650897336137859e-13
6.090128401581296202e-13
6.333267243974205485e-13
6.566414079145488358e-13
6.811218256075335375e-13
7.056022433005182393e-13
7.295830606324216205e-13
7.542300117791000957e-13
7.788769629257785709e-13
8.035239140724570461e-13
8.281708652191355213e-13
8.528178163658139965e-13
8.767986336977173778e-13
9.011125179370083060e-13
9.262590694447681017e-13
9.497402864155901625e-13
9.743872375622686377e-13
9.983680548941720190e-13
1.023348072948238041e-12
1.047661957187528969e-12
1.071809307973126124e-12
1.096289725666110826e-12
1.120437076451707981e-12
1.145084027598386456e-12
1.168398711115514743e-12
1.193212195715886992e-12
1.217026479594096600e-12
1.241173830379693754e-12
1.265487714618984683e-12
1.289301998497194290e-12
1.313449349282791445e-12
1.337430166614694826e-12
1.362077117761373302e-12
1.386224468546970456e-12
1.411037953147342705e-12
1.435185303932939860e-12
1.460498388894393429e-12
1.484146139318909263e-12
1.508959623919281512e-12
1.532940441251184893e-12
1.556921258583088274e-12
1.580902075914991656e-12
1.605549027061670131e-12
1.629862911300961059e-12
1.654842929355027081e-12
1.679156813594318010e-12
1.703137630926221391e-12
1.726951914804430999e-12
1.750766198682640606e-12
1.775746216736706629e-12
1.799727034068610010e-12
1.824373985215288485e-12
1.849520536723048281e-12
1.874334021323420529e-12
1.898148305201630137e-12
1.921962589079839745e-12
1.946776073680211994e-12
1.970590357558421601e-12
1.994904241797712530e-12
2.019717726398084778e-12
2.043532010276294386e-12
2.067346294154503994e-12
2.091493644940101149e-12
2.116140596086779624e-12
2.140454480326070552e-12
2.164768364565361480e-12
2.189082248804652409e-12
2.213229599590249563e-12
2.238043084190621812e-12
2.262023901522525193e-12
2.286337785761816122e-12
2.310651670001107050e-12
2.335132087694091751e-12
2.359779038840770227e-12
2.383759856172673608e-12
2.408240273865658310e-12
2.432554158104949238e-12
2.457867243066402807e-12
2.482347660759387509e-12
2.506994611906065984e-12
2.531475029599050686e-12
2.555955447292035387e-12
2.580269331531326316e-12
2.604749749224311017e-12
2.629063633463601946e-12
2.652711383888117780e-12
2.677025268127408708e-12
2.701672219274087183e-12
2.725319969698603018e-12
2.750299987752669040e-12
2.773281604362409780e-12
2.797595488601700708e-12
2.821909372840991637e-12
2.845890190172895018e-12
2.869871007504798399e-12
2.895017559012558195e-12
2.918998376344461576e-12
2.943478794037446278e-12
2.967959211730430980e-12
2.992772696330803228e-12
3.016586980209012836e-12
3.041067397901997538e-12
3.065547815594982239e-12
3.090194766741660715e-12
3.114009050619870322e-12
3.138322934859161251e-12
3.162803352552145952e-12
3.187616837152518201e-12
3.211597654484421582e-12
3.236244605631100058e-12
3.260725023324084759e-12
3.285205441017069461e-12
3.310185459071135483e-12
3.334166276403038864e-12
3.358147093734942246e-12
3.383127111789008268e-12
3.407440996028299196e-12
3.431588346813896351e-12
3.456068764506881053e-12
3.480049581838784434e-12
3.504030399170687815e-12
3.528677350317366290e-12
3.552991234556657218e-12
3.577305118795948147e-12
3.601785536488932848e-12
3.626599021089305097e-12
3.651245972235983572e-12
3.675892923382662048e-12
3.700040274168259202e-12
3.724853758768631451e-12
3.749001109554228606e-12
3.774314194515682175e-12
3.798628078754973103e-12
3.823441563355345352e-12
3.847255847233554960e-12
3.871736264926539661e-12
3.895384015351055496e-12
3.920364033405121518e-12
3.945010984551799993e-12
3.969158335337397148e-12
3.993971819937769396e-12
4.018618771084447872e-12
4.042932655323738800e-12
4.067413073016723501e-12
4.091227356894933109e-12
4.116207374948999131e-12
4.140687792641983833e-12
4.164169009612805894e-12
4.188149826944709275e-12
4.212963311545081524e-12
4.238109863052841320e-12
4.262923347653213568e-12
4.286904164985116950e-12
4.311551116131795425e-12
4.336031533824780126e-12
4.360012351156683508e-12
4.384326235395974436e-12
4.408473586181571591e-12
4.433120537328250066e-12
4.457267888113847221e-12
4.482247906167913243e-12
4.506561790407204171e-12
4.530875674646495099e-12
4.554523425071010934e-12
4.579170376217689409e-12
4.603484260456980337e-12
4.628630811964740133e-12
4.651945495481868420e-12
4.676425913174853122e-12
4.701072864321531597e-12
4.725053681653434978e-12
4.749034498985338359e-12
4.773514916678323061e-12
4.798161867825001536e-12
4.821643084795823597e-12
4.846290035942502072e-12
4.870936987089180548e-12
4.895417404782165249e-12
4.919731289021456178e-12
4.943545572899665785e-12
4.967859457138956714e-12
4.991840274470860095e-12
5.016487225617538570e-12
5.040634576403135725e-12
5.064448860281345333e-12
5.088929277974330034e-12
5.113243162213620963e-12
5.138056646813993211e-12
5.162037464145896593e-12
5.186351348385187521e-12
5.210498699170784676e-12
5.234312983048994283e-12
5.258460333834591438e-12
5.282774218073882366e-12
5.307254635766867068e-12
5.331401986552464223e-12
5.355715870791755151e-12
5.379863221577352306e-12
5.404510172724030781e-12
5.428990590417015483e-12
5.453137941202612637e-12
5.477451825441903566e-12
5.501099575866419400e-12
5.525246926652016555e-12
5.549727344345001256e-12
5.573708161676904638e-12
5.597855512462501792e-12
5.622668997062874041e-12
5.646982881302164969e-12
5.672129432809924765e-12
5.696776383956603240e-12
5.721423335103281715e-12
5.745737219342572644e-12
5.770550703942944892e-12
5.794864588182235821e-12
5.819844606236301843e-12
5.844491557382980318e-12
5.868638908168577473e-12
5.893452392768949721e-12
5.918099343915628197e-12
5.941913627793837804e-12
5.966060978579434959e-12
5.990707929726113434e-12
6.015021813965404363e-12
6.039169164751001517e-12
6.063316515536598672e-12
6.087463866322195827e-12
6.111777750561486755e-12
6.135925101347083910e-12
6.160072452132681065e-12
6.184219802918278219e-12
6.209532887879731788e-12
6.233680238665328943e-12
6.258493723265701192e-12
6.283140674412379667e-12
6.307787625559058142e-12
6.332101509798349070e-12
6.356914994398721319e-12
6.381395412091706021e-12
6.406208896692078270e-12
6.429856647116594104e-12
6.453837464448497485e-12
6.476819081058238226e-12
6.501799099112304248e-12
6.525613382990513855e-12
6.549927267229804784e-12
6.574574218376483259e-12
6.599387702976855508e-12
6.623535053762452662e-12
6.647848938001743591e-12
6.672329355694728292e-12
6.696476706480325447e-12
6.721456724534391469e-12
6.745271008412601077e-12
6.769584892651892005e-12
6.793232643076407840e-12
6.818046127676780088e-12
6.842526545369764790e-12
6.867006963062749492e-12
6.891653914209427967e-12
