-5.492273302820649405e-13
-2.192745984785915425e-12
-4.922895424641637874e-12
-8.727185640822199275e-12
-1.359179435667101643e-11
-1.949257422140249219e-11
-2.640204721515715391e-11
-3.429206918426075390e-11
-4.312600276890066198e-11
-5.286737714271794175e-11
-6.346989600558572420e-11
-7.488709652392344651e-11
-8.706885212816928288e-11
-9.996120597932645069e-11
-1.135055383016947417e-10
-1.276420635853980912e-10
-1.423089979191161092e-10
-1.574412267224545303e-10
-1.729698051455841323e-10
-1.888272871397589370e-10
-2.049430625206127843e-10
-2.212435235016130264e-10
-2.376597252329304411e-10
-2.541155619262269738e-10
-2.705402568636827709e-10
-2.868598691918577970e-10
-3.030016237914878729e-10
-3.188944108778457576e-10
-3.344662879989357407e-10
-3.496498091060118441e-10
-3.643771950834207018e-10
-3.785808333489626420e-10
-3.922021041269374564e-10
-4.051757263034971857e-10
-4.174465773054691908e-10
-4.289602006934956080e-10
-4.396651376303850611e-10
-4.495129268811126622e-10
-4.584612689484401926e-10
-4.664683639354905154e-10
-4.735010716849785695e-10
-4.795275843072488442e-10
-4.845210899162566420e-10
-4.884574411612163658e-10
-4.913219830982029634e-10
-4.931012265174672393e-10
-4.937860120790560359e-10
-4.933728425804417839e-10
-4.918653817576057463e-10
-4.892714566828715306e-10
-4.855973956274795000e-10
-4.808643483400487639e-10
-4.750927984353836564e-10
-4.683062271304549995e-10
-4.605362757814646102e-10
-4.518185825475029560e-10
-4.421901178552900546e-10
-4.316935142689715121e-10
-4.203759007559426664e-10
-4.082879034861264245e-10
-3.954814808970752438e-10
-3.820162519652114952e-10
-3.679501703324206119e-10
-3.533461856441988402e-10
-3.382695790143941394e-10
-3.227884626255672629e-10
-3.069689502588346386e-10
-2.908836505000067518e-10
-2.746020077992739061e-10
-2.581976299431687494e-10
-2.417424593836869917e-10
-2.253107700411760561e-10
-2.089733386334557963e-10
-1.928057713485031854e-10
-1.768781787703233022e-10
-1.612615041501896940e-10
-1.460248588713852769e-10
-1.312360220495634167e-10
-1.169619401331090103e-10
-1.032642304998887539e-10
-9.020467706122303753e-11
-7.784139999245098807e-11
-6.622852266602308191e-11
-5.542033498784348922e-11
-4.546180099040952882e-11
-3.639805123967221334e-11
-2.826971989833282350e-11
-2.111277819238921438e-11
-1.495870094458950916e-11
-9.836464975876424432e-12
-5.766720434507988102e-12
-2.768285600751596576e-12
-8.544831509027517313e-13
-3.497202527569243102e-14
-3.119171587684377300e-13
-1.684319350658824987e-12
-4.145184195891715717e-12
-7.686351555236115018e-12
-1.228966928223940158e-11
-1.793482029555093504e-11
-2.459749071093142447e-11
-3.224787104016968442e-11
-4.085215499216587887e-11
-5.037187333911674614e-11
-6.076456005033037400e-11
-7.198391882567989342e-11
-8.398132189668672254e-11
-9.670148015672452857e-11
-1.100902702333428351e-10
-1.240854086148601709e-10
-1.386266101910393900e-10
-1.536505922494768583e-10
-1.690885764737970476e-10
-1.848706188134485728e-10
-2.009286070858706807e-10
-2.171900992387065799e-10
-2.335833193534142538e-10
-2.500363249779979924e-10
-2.664760079262862291e-10
-2.828287604117463161e-10
-2.990211411812992992e-10
-3.149815408498568559e-10
-3.306393492330528261e-10
-3.459251218806969064e-10
-3.607717458109505060e-10
-3.751117749750676467e-10
-3.888827593279131634e-10
-4.020232480250740537e-10
-4.144744547573964155e-10
-4.261805908178928348e-10
-4.370896977690108542e-10
-4.471546466433551359e-10
-4.563304734084283609e-10
-4.645752116338996984e-10
-4.718525570268639058e-10
-4.781310347645728598e-10
-4.833818345595375376e-10
-4.875818082616945048e-10
-4.907141359922206902e-10
-4.927629970730151854e-10
-4.937188990972174452e-10
-4.935790109961146754e-10
-4.923441654369753451e-10
-4.900176930888733295e-10
-4.866112512935671930e-10
-4.821393284615282937e-10
-4.766234074082831285e-10
-4.700874689511636007e-10
-4.625601568442050393e-10
-4.540737785774240365e-10
-4.446668033786238539e-10
-4.343818638119500974e-10
-4.232635908429926985e-10
-4.113616114409524016e-10
-3.987297159113722955e-10
-3.854235264277861006e-10
-3.715019958328014127e-10
-3.570255757701090715e-10
-3.420602134873718114e-10
-3.266711900984375916e-10
-3.109291157876725720e-10
-2.949026023379985872e-10
-2.786619268668744098e-10
-2.622800310270179125e-10
-2.458305226049617431e-10
-2.293858436530626932e-10
-2.130181031567701666e-10
-1.968009089026168112e-10
-1.808067029429594186e-10
-1.651072611963400050e-10
-1.497701962449582425e-10
-1.348646194720970470e-10
-1.204556454581506841e-10
-1.066087218504208067e-10
-9.338596562713519234e-11
-8.084499736327188657e-11
-6.904127269891091601e-11
-5.802874847304906325e-11
-4.785455365308166620e-11
-3.856548413949667520e-11
-3.020217409499537098e-11
-2.280059474557560861e-11
-1.639571811651308053e-11
-1.101418956039879049e-11
-6.679989894564641872e-12
-3.414768467990825229e-12
-1.230349155889598478e-12
-1.393885007416884037e-13
-1.418865025470950059e-13
-1.241673430740775075e-12
-3.433753281711915406e-12
-6.706468713701951856e-12
-1.104749625113754519e-11
-1.643768454684391145e-11
-2.285072131513743443e-11
-3.025812933543647887e-11
-3.862860031844661535e-11
-4.792449770363305106e-11
-5.810518732829450528e-11
-6.912487249266519029e-11
-8.093375969409066784e-11
-9.348072316228694945e-11
-1.067083088557296833e-10
-1.205602284670703739e-10
-1.349715339493684496e-10
-1.498816071254793769e-10
-1.652215031455739336e-10
-1.809256078288967728e-10
-1.969211460561837157e-10
-2.131403387117813963e-10
-2.295084122749813105e-10
-2.459535908272414417e-10
-2.624032657827513049e-10
-2.787841624218856396e-10
-2.950230060250191855e-10
-3.110476876067025387e-10
-3.267880965829306206e-10
-3.421726235686151085e-10
-3.571339890484637181e-10
-3.716049135071841647e-10
-3.855222807658265083e-10
-3.988239738461629713e-10
-4.114508733721322642e-10
-4.233461914360248102e-10
-4.344579696002881519e-10
-4.447367474291752387e-10
-4.541362286225592015e-10
-4.626141136832018219e-10
-4.701354305858274074e-10
-4.766648742382528781e-10
-4.821729682191744359e-10
-4.866358982447138715e-10
-4.900351791015111758e-10
-4.923538243772895839e-10
-4.935820085982811634e-10
-4.937142361605140195e-10
-4.927498409301733773e-10
-4.906938189108700499e-10
-4.875541637083813384e-10
-4.833458633335396826e-10
-4.780870699327977036e-10
-4.718010981896725298e-10
-4.645159257243847151e-10
-4.562636934934971578e-10
-4.470808723233687942e-10
-4.370092621108767617e-10
-4.260936603550646851e-10
-4.143818621571426775e-10
-4.019259924881168899e-10
-3.887811739211599615e-10
-3.750060262319721005e-10
-3.606613341311515342e-10
-3.458113795318240591e-10
-3.305224427485597971e-10
-3.148619698301047265e-10
-2.988994052266491508e-10
-2.827058587229203113e-10
-2.663534393043676118e-10
-2.499152551571626191e-10
-2.334622495325788805e-10
-2.170701951520470629e-10
-2.008108679341091829e-10
-1.847550445965850940e-10
-1.689753337252852816e-10
-1.535413463038537429e-10
-1.385216941152123127e-10
-1.239846558753754380e-10
-1.099938473636541403e-10
-9.661021982410034070e-11
-8.389505756767334788e-11
-7.190331663409210705e-11
-6.068961999616817593e-11
-5.030392769000968656e-11
-4.078987148048440758e-11
-3.219374766771920804e-11
-2.455052827698978035e-11
-1.789485226666442941e-11
-1.225736179222280953e-11
-7.663703005533761825e-12
-4.130862318874051198e-12
-1.678823746686930463e-12
-3.152478278423131997e-13
-4.696243394164412166e-14
