9.999999999999999167e-02
2.000000000000000389e-01
3.000000000000000999e-01
4.000000000000001887e-01
5.000000000000002220e-01
6.000000000000003109e-01
7.000000000000003997e-01
8.000000000000004885e-01
9.000000000000005773e-01
1.000000000000000666e+00
1.100000000000000755e+00
1.200000000000000844e+00
1.300000000000000933e+00
1.400000000000001021e+00
1.500000000000001110e+00
1.600000000000001199e+00
1.700000000000001288e+00
1.800000000000001377e+00
1.900000000000001465e+00
2.000000000000001332e+00
2.099999999999999201e+00
2.199999999999997069e+00
2.299999999999994937e+00
2.399999999999992806e+00
2.499999999999990674e+00
2.599999999999988542e+00
2.699999999999986411e+00
2.799999999999984279e+00
2.899999999999982148e+00
2.999999999999980016e+00
3.099999999999977884e+00
3.199999999999975753e+00
3.299999999999973621e+00
3.399999999999971489e+00
3.499999999999969358e+00
3.599999999999967226e+00
3.699999999999965095e+00
3.799999999999962963e+00
3.899999999999960831e+00
3.999999999999958700e+00
4.099999999999957012e+00
4.199999999999954881e+00
4.299999999999952749e+00
4.399999999999950617e+00
4.499999999999948486e+00
4.599999999999946354e+00
4.699999999999944222e+00
4.799999999999942091e+00
4.899999999999939959e+00
4.999999999999937828e+00
5.099999999999935696e+00
5.199999999999933564e+00
5.299999999999931433e+00
5.399999999999929301e+00
5.499999999999927169e+00
5.599999999999925038e+00
5.699999999999922906e+00
5.799999999999920774e+00
5.899999999999918643e+00
5.999999999999916511e+00
6.099999999999914380e+00
6.199999999999912248e+00
6.299999999999910116e+00
6.399999999999907985e+00
6.499999999999905853e+00
6.599999999999903721e+00
6.699999999999901590e+00
6.799999999999899458e+00
6.899999999999897327e+00
6.999999999999895195e+00
7.099999999999893063e+00
7.199999999999890932e+00
7.299999999999888800e+00
7.399999999999886668e+00
7.499999999999884537e+00
7.599999999999882405e+00
7.699999999999880274e+00
7.799999999999878142e+00
7.899999999999876010e+00
7.999999999999873879e+00
8.099999999999871747e+00
8.199999999999869615e+00
8.299999999999867484e+00
8.399999999999865352e+00
8.499999999999863221e+00
8.599999999999861089e+00
8.699999999999858957e+00
8.799999999999856826e+00
8.899999999999854694e+00
8.999999999999852562e+00
9.099999999999850431e+00
9.199999999999848299e+00
9.299999999999846167e+00
9.399999999999844036e+00
9.499999999999841904e+00
9.599999999999839773e+00
9.699999999999837641e+00
9.799999999999835509e+00
9.899999999999833378e+00
9.999999999999831246e+00
1.009999999999982911e+01
1.019999999999982698e+01
1.029999999999982485e+01
1.039999999999982272e+01
1.049999999999982059e+01
1.059999999999981846e+01
1.069999999999981632e+01
1.079999999999981419e+01
1.089999999999981206e+01
1.099999999999980993e+01
1.109999999999980780e+01
1.119999999999980567e+01
1.129999999999980353e+01
1.139999999999980140e+01
1.149999999999979927e+01
1.159999999999979714e+01
1.169999999999979501e+01
1.179999999999979288e+01
1.189999999999979075e+01
1.199999999999978861e+01
1.209999999999978648e+01
1.219999999999978435e+01
1.229999999999978222e+01
1.239999999999978009e+01
1.249999999999977796e+01
1.259999999999977582e+01
1.269999999999977369e+01
1.279999999999977156e+01
1.289999999999976943e+01
1.299999999999976730e+01
1.309999999999976517e+01
1.319999999999976303e+01
1.329999999999976090e+01
1.339999999999975877e+01
1.349999999999975664e+01
1.359999999999975451e+01
1.369999999999975238e+01
1.379999999999975024e+01
1.389999999999974811e+01
1.399999999999974598e+01
1.409999999999974385e+01
1.419999999999974172e+01
1.429999999999973959e+01
1.439999999999973745e+01
1.449999999999973532e+01
1.459999999999973319e+01
1.469999999999973106e+01
1.479999999999972893e+01
1.489999999999972680e+01
1.499999999999972466e+01
1.509999999999972253e+01
1.519999999999972040e+01
1.529999999999971827e+01
1.539999999999971614e+01
1.549999999999971401e+01
1.559999999999971187e+01
1.569999999999970974e+01
1.579999999999970761e+01
1.589999999999970548e+01
1.599999999999970335e+01
1.609999999999971720e+01
1.619999999999973284e+01
1.629999999999974847e+01
1.639999999999976410e+01
1.649999999999977973e+01
1.659999999999979536e+01
1.669999999999981100e+01
1.679999999999982663e+01
1.689999999999984226e+01
1.699999999999985789e+01
1.709999999999987352e+01
1.719999999999988916e+01
1.729999999999990479e+01
1.739999999999992042e+01
1.749999999999993605e+01
1.759999999999995168e+01
1.769999999999996732e+01
1.779999999999998295e+01
1.789999999999999858e+01
1.800000000000001421e+01
1.810000000000002984e+01
1.820000000000004547e+01
1.830000000000006111e+01
1.840000000000007674e+01
1.850000000000009237e+01
1.860000000000010800e+01
1.870000000000012363e+01
1.880000000000013927e+01
1.890000000000015490e+01
1.900000000000017053e+01
1.910000000000018616e+01
1.920000000000020179e+01
1.930000000000021743e+01
1.940000000000023306e+01
1.950000000000024869e+01
1.960000000000026432e+01
1.970000000000027995e+01
1.980000000000029559e+01
1.990000000000031122e+01
2.000000000000032685e+01
2.010000000000034248e+01
2.020000000000035811e+01
2.030000000000037375e+01
2.040000000000038938e+01
2.050000000000040501e+01
2.060000000000042064e+01
2.070000000000043627e+01
2.080000000000045191e+01
2.090000000000046754e+01
2.100000000000048317e+01
2.110000000000049880e+01
2.120000000000051443e+01
2.130000000000053006e+01
2.140000000000054570e+01
2.150000000000056133e+01
2.160000000000057696e+01
2.170000000000059259e+01
2.180000000000060822e+01
2.190000000000062386e+01
2.200000000000063949e+01
2.210000000000065512e+01
2.220000000000067075e+01
2.230000000000068638e+01
2.240000000000070202e+01
2.250000000000071765e+01
2.260000000000073328e+01
2.270000000000074891e+01
2.280000000000076454e+01
2.290000000000078018e+01
2.300000000000079581e+01
2.310000000000081144e+01
2.320000000000082707e+01
2.330000000000084270e+01
2.340000000000085834e+01
2.350000000000087397e+01
2.360000000000088960e+01
2.370000000000090523e+01
2.380000000000092086e+01
2.390000000000093650e+01
2.400000000000095213e+01
2.410000000000096776e+01
2.420000000000098339e+01
2.430000000000099902e+01
2.440000000000101466e+01
2.450000000000103029e+01
2.460000000000104592e+01
2.470000000000106155e+01
2.480000000000107718e+01
2.490000000000109281e+01
2.500000000000110845e+01
2.510000000000112408e+01
2.520000000000113971e+01
2.530000000000115534e+01
2.540000000000117097e+01
2.550000000000118661e+01
2.560000000000120224e+01
2.570000000000121787e+01
2.580000000000123350e+01
2.590000000000124913e+01
2.600000000000126477e+01
2.610000000000128040e+01
2.620000000000129603e+01
2.630000000000131166e+01
2.640000000000132729e+01
2.650000000000134293e+01
2.660000000000135856e+01
2.670000000000137419e+01
2.680000000000138982e+01
2.690000000000140545e+01
2.700000000000142109e+01
2.710000000000143672e+01
2.720000000000145235e+01
2.730000000000146798e+01
2.740000000000148361e+01
2.750000000000149925e+01
2.760000000000151488e+01
2.770000000000153051e+01
2.780000000000154614e+01
2.790000000000156177e+01
2.800000000000157740e+01
2.810000000000159304e+01
2.820000000000160867e+01
2.830000000000162430e+01
