1.072332881195409294e-11
-3.759632431163965639e-13
-1.442849527276813902e-10
-5.430603987188907993e-10
-1.245139223704253277e-09
-3.097681740993239493e-09
-2.021532774440316407e-08
-8.752247947664741295e-07
2.100159780500106266e-01
2.111970766041409708e-01
2.111972591058652871e-01
2.111972156804903522e-01
2.111965799531748400e-01
2.112282182005670028e-01
2.112411687987916509e-01
2.112413443860705620e-01
2.112413459868569821e-01
2.112409020760933065e-01
2.790056495875586906e-01
3.463392511298275522e-01
3.463395813096558085e-01
3.463363256363780063e-01
-1.074728626110069563e+01
-1.074795450652347384e+01
-1.074795435146733524e+01
-1.074795434299088015e+01
-1.074795434162971297e+01
-1.074795434129231886e+01
-1.074795434118721893e+01
-1.074795434114688675e+01
-1.074795434112794368e+01
-1.074795434111757508e+01
-1.074795434111132586e+01
-1.074795434110733794e+01
-1.074795434110470538e+01
-1.074795434110291836e+01
-1.074795434110168024e+01
-1.074795434110080805e+01
-1.074795434110018455e+01
-1.074795434109972803e+01
-1.074795434109939052e+01
-1.074795434109914183e+01
-1.074795434109895531e+01
-1.074795434109880787e+01
-1.074795434109869596e+01
-1.074795434109860537e+01
-1.074795434109853787e+01
-1.074795434109848635e+01
-1.074795434109843839e+01
-1.074795434109840464e+01
-1.074795434109837444e+01
-1.074795434109835135e+01
-1.074795434109833536e+01
-1.074795434109831760e+01
-1.074795434109830161e+01
-1.074795434109829628e+01
-1.074795434109828562e+01
-1.074795434109827497e+01
-1.074795434109826964e+01
-1.074795434109826253e+01
-1.074795434109825898e+01
-1.074795434109825365e+01
-1.074795434109825010e+01
-1.074795434109824477e+01
-1.074795434109823944e+01
-1.074795434109823766e+01
-1.074795434109823411e+01
-1.074795434109823233e+01
-1.074795434109822700e+01
-1.074795434109822523e+01
-1.074795434109822523e+01
-1.074795434109822523e+01
-1.074795434109822523e+01
-1.074795434109822345e+01
-1.074795434109822345e+01
-1.074795434109821990e+01
-1.074795434109821812e+01
-1.074795434109821635e+01
-1.074795434109821635e+01
-1.074795434109821457e+01
-1.074795434109821635e+01
-1.074795434109821635e+01
-1.074795434109821635e+01
-1.074795434109821635e+01
-1.074795434109821812e+01
-1.074795434109821990e+01
-1.074795434109821990e+01
-1.074795434109822345e+01
-1.074795434109822168e+01
-1.074795434109822168e+01
-1.074795434109821990e+01
-1.074795434109822345e+01
-1.074795434109822345e+01
-1.074795434109821990e+01
-1.074795434109821990e+01
-1.074795434109822168e+01
-1.074795434109821990e+01
-1.074795434109821812e+01
-1.074795434109821635e+01
-1.074795434109821457e+01
-1.074795434109821457e+01
-1.074795434109821990e+01
-1.074795434109821457e+01
-1.074795434109821635e+01
-1.074795434109821457e+01
-1.074795434109821279e+01
-1.074795434109821457e+01
-1.074795434109821457e+01
-1.074795434109821279e+01
-1.074795434109821279e+01
-1.074795434109821102e+01
-1.074795434109821102e+01
-1.074795434109821102e+01
-1.074795434109821102e+01
-1.074795434109821102e+01
-1.074795434109820924e+01
-1.074795434109821102e+01
-1.074795434109821102e+01
-1.074795434109820924e+01
-1.074795434109820746e+01
-1.074795434109820569e+01
-1.074795434109821102e+01
-1.074795434109821102e+01
-1.074795434109820924e+01
-1.074795434109821102e+01
-1.074795434109821102e+01
-1.074795434109821102e+01
-1.074795434109820924e+01
-1.074795434109821102e+01
-1.074795434109821102e+01
-1.074795434109820746e+01
-1.074795434109820924e+01
-1.074795434109820746e+01
-1.074795434109821102e+01
-1.074795434109820924e+01
-1.074795434109821102e+01
-1.074795434109821102e+01
-1.074795434109820924e+01
-1.074795434109820924e+01
-1.074795434109821102e+01
-1.074795434109821102e+01
-1.074795434109821102e+01
-1.074795434109820924e+01
-1.074795434109820746e+01
-1.074795434109820924e+01
-1.074795434109820214e+01
-1.074795434109820036e+01
-1.074795434109820391e+01
-1.074795434109820214e+01
-1.074795434109820391e+01
-1.074795434109820391e+01
-1.074795434109820391e+01
-1.074795434109820569e+01
-1.074795434109820391e+01
-1.074795434109820214e+01
-1.074795434109820391e+01
-1.074795434109820391e+01
-1.074795434109820746e+01
-1.074795434109820391e+01
-1.074795434109820391e+01
-1.074795434109820391e+01
-1.074795434109820569e+01
-1.074795434109821102e+01
-1.074795434109820746e+01
-1.074795434109820391e+01
-1.074795434109820746e+01
-1.074795434109820924e+01
-1.074795434109820924e+01
-1.074795434109820746e+01
-1.074795434109820569e+01
-1.074795434109820391e+01
-1.074795434109820746e+01
-1.074795434109820746e+01
-1.074795434109820391e+01
-1.074795434109820391e+01
-1.074795434109820214e+01
-1.074795434109820036e+01
-1.074795434109819858e+01
-1.074795434109819858e+01
-1.074795434109819681e+01
-1.074795434109819503e+01
-1.074795434109819503e+01
-1.074795434109818792e+01
-1.074795434109818970e+01
-1.074795434109818792e+01
-1.074795434109818615e+01
-1.074795434109818792e+01
-1.074795434109818792e+01
-1.074795434109818792e+01
-1.074795434109818970e+01
-1.074795434109818615e+01
-1.074795434109818970e+01
-1.074795434109818615e+01
-1.074795434109818437e+01
-1.074795434109818260e+01
-1.074795434109818082e+01
-1.074795434109817727e+01
-1.074795434109817727e+01
-1.074795434109817904e+01
-1.074795434109817904e+01
-1.074795434109818082e+01
-1.074795434109817904e+01
-1.074795434109818082e+01
-1.074795434109818260e+01
-1.074795434109818437e+01
-1.074795434109818260e+01
-1.074795434109817904e+01
-1.074795434109818082e+01
-1.074795434109818260e+01
-1.074795434109818082e+01
-1.074795434109818082e+01
-1.074795434109817904e+01
-1.074795434109817549e+01
-1.074795434109818082e+01
-1.074795434109818082e+01
-1.074795434109818082e+01
-1.074795434109817904e+01
-1.074795434109817727e+01
-1.074795434109817904e+01
-1.074795434109817371e+01
-1.074795434109817904e+01
-1.074795434109818260e+01
-1.074795434109817904e+01
-1.074795434109817549e+01
-1.074795434109817904e+01
-1.074795434109818260e+01
-1.074795434109818437e+01
-1.074795434109818437e+01
-1.074795434109818792e+01
-1.074795434109818615e+01
-1.074795434109818615e+01
-1.074795434109818437e+01
-1.074795434109818615e+01
-1.074795434109818615e+01
-1.074795434109819148e+01
-1.074795434109818970e+01
-1.074795434109818792e+01
-1.074795434109818792e+01
-1.074795434109818970e+01
-1.074795434109819325e+01
-1.074795434109818970e+01
-1.074795434109818970e+01
-1.074795434109818970e+01
-1.074795434109819325e+01
-1.074795434109819503e+01
-1.074795434109819858e+01
-1.074795434109819148e+01
-1.074795434109819325e+01
-1.074795434109819503e+01
-1.074795434109819325e+01
-1.074795434109819503e+01
-1.074795434109819325e+01
-1.074795434109819681e+01
-1.074795434109819858e+01
-1.074795434109819858e+01
-1.074795434109819681e+01
-1.074795434109819503e+01
-1.074795434109819681e+01
-1.074795434109819858e+01
-1.074795434109819858e+01
-1.074795434109819858e+01
-1.074795434109820214e+01
-1.074795434109819858e+01
-1.074795434109819858e+01
-1.074795434109819858e+01
-1.074795434109820036e+01
-1.074795434109819858e+01
-1.074795434109819858e+01
-1.074795434109819858e+01
-1.074795434109819858e+01
-1.074795434109819858e+01
-1.074795434109819858e+01
-1.074795434109819858e+01
-1.074795434109819858e+01
-1.074795434109819858e+01
-1.074795434109819858e+01
-1.074795434109819858e+01
-1.074795434109819858e+01
-1.074795434109820214e+01
-1.074795434109820391e+01
-1.074795434109820391e+01
-1.074795434109820391e+01
-1.074795434109820569e+01
-1.074795434109820214e+01
-1.074795434109820391e+01
-1.074795434109820746e+01
-1.074795434109820391e+01
-1.074795434109820746e+01
-1.074795434109820391e+01
-1.074795434109819858e+01
-1.074795434109819858e+01
-1.074795434109820036e+01
-1.074795434109820036e+01
-1.074795434109819858e+01
-1.074795434109819858e+01
-1.074795434109819858e+01
-1.074795434109819503e+01
-1.074795434109819681e+01
-1.074795434109819148e+01
-1.074795434109819503e+01
