3.107575060154567272e-06
1.274018170649800448e-05
2.867125478812651045e-05
4.695354805449008514e-05
5.827901857778986210e-05
5.464186507863487321e-05
3.878646296444869654e-05
2.071381643927581491e-05
7.485953291080604563e-06
8.939156328972038575e-07
6.259509317009038877e-07
6.656494011557963587e-06
1.934539918966617767e-05
3.722932835968070569e-05
5.372568035723999263e-05
5.870266226148223427e-05
4.842115321811613516e-05
3.026981887225686541e-05
1.387690190576016431e-05
3.662100278180982994e-06
1.529521603147523644e-08
2.582736273339561993e-06
1.162453024789052509e-05
2.706114478710405961e-05
4.541415759086631668e-05
5.775190393528183380e-05
5.551474597169601944e-05
4.039589011200249229e-05
2.217978526983895696e-05
8.410563458285896275e-06
1.243112764694700993e-06
4.275880693319749388e-07
5.873729393981362615e-06
1.795378590052133951e-05
3.550153051650909119e-05
5.247466047640166498e-05
5.878193836904372824e-05
4.972712056011270826e-05
3.189502138115518653e-05
1.511177574344555763e-05
4.300343453325179454e-06
7.638875707773524629e-08
2.080679492021597200e-06
1.054385471212380234e-05
2.553717973903914259e-05
4.402457863524440539e-05
5.740596808413599752e-05
5.654778676596602184e-05
4.210277716828564288e-05
2.367217523424371072e-05
9.317565905785213772e-06
1.567384536455228792e-06
2.269204191342788966e-07
5.133869593026041404e-06
1.665983407158325817e-05
3.389910631277264695e-05
5.130760920700239191e-05
5.886431458687298098e-05
5.099609495882891753e-05
3.349327759429456230e-05
1.634773381193891159e-05
4.975860722008071914e-06
2.182300562375156425e-07
1.697453312267473410e-06
9.576122150832103760e-06
2.400688393572479712e-05
4.235999521342752257e-05
5.651804745998401200e-05
5.704600836948950458e-05
4.354326885932269681e-05
2.515582734294177788e-05
1.032913977280244999e-05
2.004568075150801260e-06
1.071075278048662708e-07
4.436487932963333595e-06
1.537215122161842971e-05
3.226622938102185269e-05
5.008664404940565257e-05
5.892697137824130977e-05
5.233017605922966333e-05
3.520530340918345109e-05
1.767766059400662735e-05
5.696813788780506840e-06
3.629588709729305704e-07
1.293068116273838042e-06
8.587976495316614723e-06
2.248655705443483479e-05
4.075813032975597150e-05
5.574707001770212619e-05
5.769626219343341209e-05
4.512856712768180401e-05
2.673646068018186076e-05
1.139029576938363586e-05
2.474840991445560234e-06
3.522699843096117300e-08
3.815275745701291742e-06
1.416552978483911720e-05
3.063869216160776063e-05
4.869709660908119308e-05
5.867556505121937965e-05
5.338643545231365250e-05
3.679248430146391847e-05
1.900229168772053892e-05
6.462356876917868627e-06
5.671469984837408956e-07
9.604360254643659838e-07
7.693414019508528970e-06
2.107739583989512477e-05
3.924213227305288406e-05
5.498271816026493607e-05
5.829111779277482353e-05
4.666503788471160446e-05
2.830109560780906958e-05
1.245729308935375734e-05
2.963803763295268587e-06
-6.156177231513394346e-09
3.234912132448249100e-06
1.299633997875355137e-05
2.900680371324181612e-05
4.721843777250575352e-05
5.828162787042591865e-05
5.435798922190141592e-05
3.840209514003821141e-05
2.041015267866216581e-05
7.322381167459635181e-06
8.606337240129242475e-07
7.079315731778228168e-07
6.849432959730320102e-06
1.962882374903754439e-05
3.751011255981653441e-05
5.382644101824285589e-05
5.851000632632901468e-05
4.804216696588984291e-05
2.990764094468624835e-05
1.363532416162685647e-05
3.542490181089563385e-06
-3.376431976850540240e-09
2.668457772016390589e-06
1.184829415726625422e-05
2.744806876095476369e-05
4.588744508465588144e-05
5.808611785865127729e-05
5.552023225819012150e-05
4.013601247519774448e-05
2.185940005981383750e-05
8.169663634531059066e-06
1.127723112392063389e-06
4.484978860253369065e-07
6.043796118862628678e-06
1.827694922627356785e-05
3.590918881145563108e-05
5.276915853113325775e-05
5.875546984762317201e-05
4.940335365656190212e-05
3.149604128975230230e-05
1.481359334123860772e-05
4.155275141550037976e-06
7.952282814184628293e-08
2.224311494291957867e-06
1.081876825064689631e-05
2.588549013821587246e-05
4.428054554893645959e-05
5.735760813076981487e-05
5.617065214386074944e-05
4.161973042760800127e-05
2.329823044268198865e-05
9.111189398677210446e-06
1.499822014441313529e-06
2.694495623761440055e-07
5.287539445508161776e-06
1.694082751178568492e-05
3.428064860920817581e-05
5.164775219138145566e-05
5.896243085449868738e-05
5.080983725992779825e-05
3.318243246608472104e-05
1.607805930109899520e-05
4.813963120461512714e-06
1.709580241814023187e-07
1.765191145638451524e-06
9.768515228838472322e-06
2.431563433749160533e-05
4.269488192362887440e-05
5.669203835132150004e-05
5.693399364142808113e-05
4.323688989937536441e-05
2.484225375267248327e-05
1.011674882078782674e-05
1.916135681087237942e-06
1.409806712391695808e-07
4.598888568767953272e-06
1.566501174486154620e-05
3.262996013138729358e-05
5.034461568082856258e-05
5.888128180116051889e-05
5.199217718843363668e-05
3.478825484959071685e-05
1.735605371185736765e-05
5.516818917498268156e-06
3.122395116233643900e-07
1.367037398939015354e-06
8.807841872157034862e-06
2.286903083253271507e-05
4.123052167171728841e-05
5.608848572865253977e-05
5.769576560724658167e-05
4.483216137921498432e-05
2.636873781934121592e-05
1.111493164803403941e-05
2.340941972826620833e-06
4.269722419576661910e-08
3.961691760946206403e-06
1.444310450849807961e-05
3.098444331479341022e-05
4.894183515812199840e-05
5.862991461626672611e-05
5.305905006052555729e-05
3.639173516452053238e-05
1.870307519450589226e-05
6.311617921740311828e-06
5.494545592159955265e-07
1.059689166815463262e-06
7.903322871396177484e-06
2.136915825633217380e-05
3.950750034659244547e-05
5.503960955515421494e-05
5.805215104446680949e-05
4.626758754843837847e-05
2.794679957510459890e-05
1.223249331936482069e-05
2.859556963917121918e-06
-1.251784071641653961e-08
3.331579178728326429e-06
1.323023331050951478e-05
2.939761336488772288e-05
4.767728955652574728e-05
5.858156166524575322e-05
5.433375569446808500e-05
3.813795594677218471e-05
2.010434979776157670e-05
7.100047539578816967e-06
7.608941005463695791e-07
7.415338251664536226e-07
7.030778722808416913e-06
1.995996995206136390e-05
3.791376012944561467e-05
5.409796487068881322e-05
5.845583061414587236e-05
4.770967660654271857e-05
2.951964321792769144e-05
1.335359509496595947e-05
3.411266385418790654e-06
1.124085539568339745e-08
2.824429325091933548e-06
1.213792202251087090e-05
2.780873992929680429e-05
4.614307793122661189e-05
5.802434810007076689e-05
5.513390569059997297e-05
3.965705139067587069e-05
2.149477579771010477e-05
7.971302211756395230e-06
1.067936250950566388e-06
5.025977670415335329e-07
6.215716349736455720e-06
1.858005291450709435e-05
3.630240230019094854e-05
5.309097697239832095e-05
5.880919739936238497e-05
4.917883333588469574e-05
3.117217015440149980e-05
1.454978583135351849e-05
4.007430378077295813e-06
4.957162664992308186e-08
2.310908522630762960e-06
1.102731543732929365e-05
2.619530518989351793e-05
4.458367072430038312e-05
5.746828371995540649e-05
5.600077398340176914e-05
4.129313718459614734e-05
2.299570810108188560e-05
8.920043862019262602e-06
1.430570433469845484e-06
3.174751957216353789e-07
5.459317092376223379e-06
1.723676714774897387e-05
3.463539528011479526e-05
5.188190972689575039e-05
5.889377724751751372e-05
5.047168200382464245e-05
3.278519846641365118e-05
1.577842857235473939e-05
4.648755440244234751e-06
1.287593981542417446e-07
1.846489472394816406e-06
9.999852908844987813e-06
2.471489680949270304e-05
4.318062476542548702e-05
5.703131556474535163e-05
