6.797955663575133853e-07
2.344225667158802134e-06
4.025253578909333257e-06
4.839273505634042605e-06
4.913149005590194997e-06
4.920696284408840599e-06
4.597382375716534323e-06
3.327387815468771810e-06
1.515202964219661339e-06
2.081866263688515115e-07
1.485700153644750357e-07
1.369223090316026577e-06
3.181013614873781144e-06
4.530599757905909515e-06
4.920247797058851404e-06
4.913517217748338929e-06
4.866954404350827848e-06
4.139232223029215654e-06
2.505778029504500479e-06
7.933748830720159534e-07
-5.555231242414466587e-10
5.619618621714046496e-07
2.170682130816987421e-06
3.893512987873918479e-06
4.798209188801617524e-06
4.907310100616119285e-06
4.911489459608874697e-06
4.647748458116224576e-06
3.462056998905339237e-06
1.658605025075165498e-06
2.687869449968290220e-07
8.549694802064831854e-08
1.209355153487218081e-06
3.010026943542822324e-06
4.438257129794932957e-06
4.905888806536661608e-06
4.906783974714035928e-06
4.882708014279948963e-06
4.243917803148550552e-06
2.672143739358751231e-06
9.257592963717497771e-07
2.589214858962727644e-08
4.742983967202571127e-07
2.026602508575901507e-06
3.787740151814805699e-06
4.781042182464097362e-06
4.927515556009260545e-06
4.929984002158238893e-06
4.726804470777108382e-06
3.628833566202333607e-06
1.837753099064823663e-06
3.672059895716904080e-07
6.034600071612289669e-08
1.083662663847492968e-06
2.863715714716904374e-06
4.359394153355321426e-06
4.900724118673224296e-06
4.907311379603762008e-06
4.895362209500816901e-06
4.335416037373451397e-06
2.824206402755736063e-06
1.046906015517847561e-06
4.107978630353596315e-08
3.675823372919049381e-07
1.847302448968999833e-06
3.630850938389412755e-06
4.713496317651252228e-06
4.911793108595058555e-06
4.911003125161803916e-06
4.752778422305352326e-06
3.742196986042160440e-06
1.979135920487196089e-06
4.433237209911303741e-07
1.998033545462711547e-08
9.419341177816880843e-07
2.697538479407338927e-06
4.262106376282438553e-06
4.888470702010155605e-06
4.910809193442170948e-06
4.911328041845918530e-06
4.433852890307264606e-06
2.994374839241360314e-06
1.195571174866163056e-06
8.714653035356909684e-08
2.908462030993827242e-07
1.695065762000593747e-06
3.497604316806809224e-06
4.668297715876118493e-06
4.919690443088124297e-06
4.914388834888097800e-06
4.799614500020806776e-06
3.880364800668559235e-06
2.150366325736376048e-06
5.505114763751383770e-07
7.353766470330925725e-09
8.196434670168351796e-07
2.537618871926320752e-06
4.159075323316871715e-06
4.869675945144683843e-06
4.912048432756564824e-06
4.918285493104452489e-06
4.514745268042165768e-06
3.150432385518511639e-06
1.340906600984951255e-06
1.394526929604274110e-07
2.243221298631717638e-07
1.549556464809045847e-06
3.362106546729462013e-06
4.615711578147667472e-06
4.925179235114526516e-06
4.917331105073600372e-06
4.837881610329330517e-06
4.005909011926598797e-06
2.313637285547310135e-06
6.558824951949585744e-07
-5.164176544395795084e-09
6.931287865370889841e-07
2.364210587233819346e-06
4.035669029607460217e-06
4.834807588373295743e-06
4.904135301368792454e-06
4.909383047697155523e-06
4.571388710113601405e-06
3.286456508003306811e-06
1.475217894387134907e-06
1.841516884196958521e-07
1.451446841053188447e-07
1.379983976703674126e-06
3.191793067283412596e-06
4.529731837306100969e-06
4.911547302834164152e-06
4.907353171482392332e-06
4.857498271151029205e-06
4.116869898851084510e-06
2.478116052524903601e-06
7.770726326420616426e-07
6.182417696878677312e-09
5.934049730759865251e-07
2.217289891297332916e-06
3.936829011787813103e-06
4.824573073541683908e-06
4.923974834153827719e-06
4.930486968619948291e-06
4.661143347788408049e-06
3.460928181732530849e-06
1.651914444748953415e-06
2.726606756259776978e-07
1.092047580550996783e-07
1.249621131029305397e-06
3.051368773782023415e-06
4.462867947196997798e-06
4.912493441791498297e-06
4.908889935857653193e-06
4.878694966808098371e-06
4.221131115390574960e-06
2.635385110961644749e-06
8.934923148992443414e-07
1.196660221802663241e-08
4.797539316177731141e-07
2.039862045335520348e-06
3.791642045185998473e-06
4.768969525535040099e-06
4.911149129174313555e-06
4.914449771214064847e-06
4.697758186336260947e-06
3.582540593665825684e-06
1.790904135384992297e-06
3.379898066137107426e-07
5.637710919717348836e-08
1.100682047858088945e-06
2.887685749132269889e-06
4.374215129774170024e-06
4.903565727839037617e-06
4.909566668161145661e-06
4.897457494358058916e-06
4.325650203198737468e-06
2.803650598939048771e-06
1.029954228091497630e-06
4.063000357747376924e-08
3.871427631971602874e-07
1.879504099600945426e-06
3.660217499518338605e-06
4.728047657115679144e-06
4.916436867069056122e-06
4.915257770708067974e-06
4.749920462488379657e-06
3.725193654413282609e-06
1.957432811277635170e-06
4.326438731511846430e-07
2.940573637894108747e-08
9.691949009724023984e-07
2.729222123138331440e-06
4.281264546255984285e-06
4.891765547375676021e-06
4.911452767292381144e-06
4.911249467083151173e-06
4.420028897003517870e-06
2.967709661653929954e-06
1.173140140725550172e-06
8.486261241513769553e-08
3.137481584541489458e-07
1.735167740860637990e-06
3.536262124200540726e-06
4.689191098596089732e-06
4.927053221125279821e-06
4.921676627918871350e-06
4.800154921637336034e-06
3.862555218795030263e-06
2.122295805015444714e-06
5.301946921289142175e-07
6.064582119236163734e-09
8.358996763068160891e-07
2.558304648074975179e-06
4.167913392380320996e-06
4.863397728961790781e-06
4.902040624953608129e-06
4.904496386974672795e-06
4.484201537141675739e-06
3.105286248458187468e-06
1.298494754400119904e-06
1.143277558206870076e-07
2.198185042032213808e-07
1.557835741687582477e-06
3.368467276936358400e-06
4.610064146111075117e-06
4.913588549169710382e-06
4.908869335600132120e-06
4.824234127670761297e-06
3.978885669151657578e-06
2.283156914390428184e-06
6.387350999437785857e-07
1.512876080990953857e-09
7.239596772472369779e-07
2.408673471637818270e-06
4.075464568962828697e-06
4.858307390406130752e-06
4.920148565800367789e-06
4.928058900114276469e-06
4.583563280655990843e-06
3.285021674664866602e-06
1.470291698386689054e-06
1.911739397061411451e-07
1.721013597788056004e-07
1.422465223117669487e-06
3.233734220712043524e-06
4.554135932422072761e-06
4.919028573711292563e-06
4.911285289087713853e-06
4.854641445585978624e-06
4.095489053642474491e-06
2.444639183590084874e-06
7.498849271894036288e-07
-1.879845823569653956e-09
6.044066800363877654e-07
2.234770328099091120e-06
3.943310725703654675e-06
4.814633663113454412e-06
4.910269814474860437e-06
4.916706576995122264e-06
4.632474318469312497e-06
3.415413792836809683e-06
1.607219921951216299e-06
2.465793688353360696e-07
1.084065531498945426e-07
1.268596647111259079e-06
3.074939405922757789e-06
4.475344870659459706e-06
4.913376866536887580e-06
4.909919611649583089e-06
4.877661279128307436e-06
4.206330005200057500e-06
2.610329416667152161e-06
8.736457795964909039e-07
9.498600109267831969e-09
4.966954050283235130e-07
2.067485237109755803e-06
3.814463934430793653e-06
4.777358052006065682e-06
4.912018452106270617e-06
4.915116666836368655e-06
4.689596498001336367e-06
3.560722513921346418e-06
1.766865188653152088e-06
3.270296270744196871e-07
6.612429678782782456e-08
1.127583516773527784e-06
2.917793514996493412e-06
4.391486598212266555e-06
4.906622733946133201e-06
4.911571267377765442e-06
4.898387306643096093e-06
4.313097750288971153e-06
2.780302071783089454e-06
1.012852891231270672e-06
4.458457816327219455e-08
4.161399102921804786e-07
1.924633814073524803e-06
3.702198512025823917e-06
4.751240590094441205e-06
4.926748468076388650e-06
