2.565755475803040891e-11
1.416184684262857440e-11
-2.349856013479986267e-10
-8.068109014951669102e-10
-1.264272556193244560e-09
-1.000172821265808663e-09
-2.593232836419584374e-10
2.780386991111206087e-10
4.439970924587393943e-10
4.415314099167237460e-10
4.456366255784005459e-10
4.732956390121788705e-10
3.805026186980240923e-10
-2.961492952286906302e-11
-6.382539930611154811e-10
-8.055778014594621134e-10
-2.364810887863764150e-10
4.740872864749445784e-10
8.283094175345619294e-10
8.879205232337566335e-10
8.754955050368296587e-10
8.985164200430818322e-10
8.971039098175151467e-10
6.764618081293802173e-10
1.242936544383513059e-10
-3.725923544230933236e-10
-1.763184692631543092e-10
5.531490444021393751e-10
1.123694494358360073e-09
1.315534015162144878e-09
1.318788585010158974e-09
1.319219514485423484e-09
1.348439914100394226e-09
1.274722854733104922e-09
8.952818613316291067e-10
2.834016837096081530e-10
5.250163190632063711e-11
5.732491960193991810e-10
1.299943269663144808e-09
1.688403937850130349e-09
1.764136601696598951e-09
1.751363458727420828e-09
1.771291445566332429e-09
1.778394363986884492e-09
1.585079194371485529e-09
1.055520002289218096e-09
5.249374820855458614e-10
6.519278096853600439e-10
1.363994432541825982e-09
1.966262709241994917e-09
2.185698794932702363e-09
2.196128392296809668e-09
2.193122754087228880e-09
2.222886732075521552e-09
2.166509322538789837e-09
1.817986742693448967e-09
1.208029014259717472e-09
9.169887692069406449e-10
1.384427183049522092e-09
2.122825356444586037e-09
2.546068657661655435e-09
2.639774772336328446e-09
2.627579019660869097e-09
2.644066988618976868e-09
2.658187778129694523e-09
2.490856034280642418e-09
1.986388047289754719e-09
1.427974521383753901e-09
1.485034379681152748e-09
2.173603270449848847e-09
2.805674684862443974e-09
3.054321337109639477e-09
3.073467164524672471e-09
3.067373255912295482e-09
3.096764095207635267e-09
3.055988471796971628e-09
2.738285629903341706e-09
2.135069756883065492e-09
1.787945541459860042e-09
2.197628019970337985e-09
2.942891910813781101e-09
3.401152285876340091e-09
3.514701340059538439e-09
3.504115103798897876e-09
3.516927579002007570e-09
3.536646828985406654e-09
3.393823724640076882e-09
2.916465134866717526e-09
2.336134411641711438e-09
2.323437000473830424e-09
2.982420115875510212e-09
3.641896781809108245e-09
3.921236894835919129e-09
3.950720544402552703e-09
3.941996378900921645e-09
3.970202420903980844e-09
3.943308143404488551e-09
3.656016191241442322e-09
3.063967739991080079e-09
2.665352800077506582e-09
3.013426164409000734e-09
3.760342871626546479e-09
4.253509396734517943e-09
4.388771569145753312e-09
4.380930653809595912e-09
4.389941185575814948e-09
4.413924877764393247e-09
4.294033500859778339e-09
3.845352594877057637e-09
3.248967937345571340e-09
3.167502945423216889e-09
3.790915058018207490e-09
4.474915371807949168e-09
4.786268645568648950e-09
4.827783645973301297e-09
4.816998333405833472e-09
4.843316255670394055e-09
4.828612038023028746e-09
4.571051977025857610e-09
3.994171967289128085e-09
3.549113422043638102e-09
3.832389863639938838e-09
4.575425100403741354e-09
5.103008710279952229e-09
5.261834168502176896e-09
5.257975296831964661e-09
5.263169049318668535e-09
5.290174423128036825e-09
5.191560232192054473e-09
4.772692469490040701e-09
4.165990690982707500e-09
4.017543077185206361e-09
4.599602348585613428e-09
5.304761334112799620e-09
5.649250289862610633e-09
5.704551755789564341e-09
5.692383949701372662e-09
5.716217213346143393e-09
5.712060417254881228e-09
5.483310355063371743e-09
4.925149038481965543e-09
4.439053344972128771e-09
4.655072529094956498e-09
5.388434278939041409e-09
5.949539130202768607e-09
6.133735086879244214e-09
6.135194174750256258e-09
6.136665683326719682e-09
6.165545031071154702e-09
6.086503974319713065e-09
5.698175103618357198e-09
5.086685143159285862e-09
4.873796149320155015e-09
5.409016595441555041e-09
6.131494529623545560e-09
6.510012423096222612e-09
6.580907049659347652e-09
6.568143912258450266e-09
6.589003969535654303e-09
6.593807677369207075e-09
6.392742677590965442e-09
5.856387289508890465e-09
5.334923982244141380e-09
5.481997555501016532e-09
6.199706628828639842e-09
6.793003705996521312e-09
7.004310267459111617e-09
7.012515695998324332e-09
7.010470592343696355e-09
7.040176779549678024e-09
6.978977203631013692e-09
6.621533797114385351e-09
6.010510993188146632e-09
5.736425356096916661e-09
6.219718282919554128e-09
6.955219671787540070e-09
7.368394093628003671e-09
7.456724975508535551e-09
7.444261487626666947e-09
7.461770887098401790e-09
7.474016150085870258e-09
7.299337213942377049e-09
6.787404727994446972e-09
6.236411193517619574e-09
6.313657113311654021e-09
7.009630469627708902e-09
7.633332053663649498e-09
7.873395998443528250e-09
7.889865336343457298e-09
7.884619658407572422e-09
7.914205606284387198e-09
7.869108094905828615e-09
7.542545667319181791e-09
6.936912932029707879e-09
6.605513847238100451e-09
7.032275485784240929e-09
7.776079081188086473e-09
8.224236419934045893e-09
8.331869940635942076e-09
8.320707694159965904e-09
8.334598010580631749e-09
8.352842819321001789e-09
8.203109317489624804e-09
7.717752483444384242e-09
7.143136492295873377e-09
7.150490757492030011e-09
7.818626380223635641e-09
8.470473282813760467e-09
8.740818734975764294e-09
8.767150285514361784e-09
8.759131167556928850e-09
8.787755545820002924e-09
8.757032930884534344e-09
8.461028888905712747e-09
7.865329440291660325e-09
7.481064900429867694e-09
7.847263524211757195e-09
8.594258378367771518e-09
9.077390871078322747e-09
9.206200141987658884e-09
9.197445097232196602e-09
9.207559174175863560e-09
9.230444496480930495e-09
9.104106428427144527e-09
8.647019637519998617e-09
8.054668604084042384e-09
7.992887670146307007e-09
8.627162897227638736e-09
9.304414972741401186e-09
9.606410970042013433e-09
9.644278423278934960e-09
9.634023060810751331e-09
9.660951667760034207e-09
9.642902830150128998e-09
9.376852354427540749e-09
8.795214006934116835e-09
8.363010201792234153e-09
8.665259961005622647e-09
9.409998732024124505e-09
9.927729272280957009e-09
1.007957153388240215e-08
1.007443194947225311e-08
1.008072131168570119e-08
1.010697695791320269e-08
1.000239944828188791e-08
9.574840641959448132e-09
8.970536232114144895e-09
8.841178725066941115e-09
9.435741679132136956e-09
1.013517195928919409e-08
1.047000140141292133e-08
1.052114382862123987e-08
1.050929844334540478e-08
1.053390317080658180e-08
1.052686994634439900e-08
1.028991842333902866e-08
9.726021155975979403e-09
9.251188972193511699e-09
9.486813549833096597e-09
1.022357201759870129e-08
1.077512638142864493e-08
1.095182333718848953e-08
1.095160597484307965e-08
1.095413496848093958e-08
1.098258614690687828e-08
1.089807721959979895e-08
1.050088893571522381e-08
9.890227712325475202e-09
9.695621479382263215e-09
1.024489146846783062e-08
1.096279530535733241e-08
1.133142269458447807e-08
1.139763178252564145e-08
1.138495317492573597e-08
1.140671425087760214e-08
1.140909298848145503e-08
1.120016913234806948e-08
1.065723594567038515e-08
1.014538005407274160e-08
1.031246459138133967e-08
1.103530945390355738e-08
1.161948455797574772e-08
1.182279874049958641e-08
1.182890679491539487e-08
1.182784792977561313e-08
1.185741662667263276e-08
1.179125049367115671e-08
1.142488522542445280e-08
1.081320757430521810e-08
1.055639844845849846e-08
1.105516308901955401e-08
1.178737540607993681e-08
1.219050665250368927e-08
1.227361807793762261e-08
1.226096948704255976e-08
1.227947806326398637e-08
1.228972876796762511e-08
1.210758222769072709e-08
1.158836551552460513e-08
1.104528345289129320e-08
