5.12579e-04 3 222 5.8317696676e-04 1
5.12579e-04 3 222 1.6793699469e-03 2
5.12579e-04 3 222 1.8951849779e-03 3
5.12579e-04 3 222 2.0452270983e-03 4
5.12579e-04 3 222 2.4291400332e-03 5
5.12579e-04 3 222 2.7268499834e-03 6
5.12579e-04 3 222 2.6645930484e-03 7
5.12579e-04 3 222 2.5551170111e-03 8
5.12579e-04 3 222 3.0158129521e-03 9
5.12579e-04 3 222 3.3416260267e-03 10
5.12579e-04 3 222 3.2178739784e-03 11
5.12579e-04 3 222 3.2808530377e-03 12
5.12579e-04 3 222 3.3528279746e-03 13
5.12579e-04 3 222 3.4139030613e-03 14
5.12579e-04 3 222 3.3314970788e-03 15
5.12579e-04 3 222 3.5871180007e-03 16
5.12579e-04 3 222 3.8256270345e-03 17
5.12579e-04 3 222 4.3792380020e-03 18
5.12579e-04 3 222 4.5448200544e-03 19
5.12579e-04 3 222 4.9111889675e-03 20
5.12579e-04 3 222 5.1493280334e-03 21
5.12579e-04 3 222 5.2325640572e-03 22
5.12579e-04 3 222 5.3757739952e-03 23
5.12579e-04 3 222 1.8162228982e-02 24
5.12579e-04 3 222 5.0106169656e-03 25
5.12579e-04 3 222 6.6596489633e-03 26
4.52827e-05 16 230 9.5354270015e-03 1
4.52827e-05 16 230 7.5088410013e-03 2
4.52827e-05 16 230 6.0847850000e-03 3
4.52827e-05 16 230 5.3553640028e-03 4
4.52827e-05 16 230 5.2960009998e-03 5
4.52827e-05 16 230 6.8776580010e-03 6
4.52827e-05 16 230 5.6796820027e-03 7
4.52827e-05 16 230 5.4100079979e-03 8
4.52827e-05 16 230 5.7669390008e-03 9
4.52827e-05 16 230 5.8894129979e-03 10
4.52827e-05 16 230 5.9376639983e-03 11
4.52827e-05 16 230 6.0360320022e-03 12
4.52827e-05 16 230 5.5709949993e-03 13
4.52827e-05 16 230 6.3606309996e-03 14
4.52827e-05 16 230 5.3489909988e-03 15
4.52827e-05 16 230 5.5747119986e-03 16
4.52827e-05 16 230 9.0478209968e-03 17
4.52827e-05 16 230 7.6208690007e-03 18
4.52827e-05 16 230 7.2901470048e-03 19
4.52827e-05 16 230 7.4354950048e-03 20
4.52827e-05 16 230 7.4477989983e-03 21
4.52827e-05 16 230 7.7902010016e-03 22
4.52827e-05 16 230 8.2250920022e-03 23
4.52827e-05 16 230 8.6463150001e-03 24
4.52827e-05 16 230 8.6187019988e-03 25
4.52827e-05 16 230 8.7329599992e-03 26
1.27633e-05 32 235 2.3209604999e-02 1
1.27633e-05 32 235 2.1231762999e-02 2
1.27633e-05 32 235 1.6058968002e-02 3
1.27633e-05 32 235 1.3324923002e-02 4
1.27633e-05 32 235 1.1685427002e-02 5
1.27633e-05 32 235 1.0022023998e-02 6
1.27633e-05 32 235 9.7150189977e-03 7
1.27633e-05 32 235 9.0477660015e-03 8
1.27633e-05 32 235 9.9613590028e-03 9
1.27633e-05 32 235 8.3543940018e-03 10
1.27633e-05 32 235 8.2736189979e-03 11
1.27633e-05 32 235 8.5914150004e-03 12
1.27633e-05 32 235 8.2878770008e-03 13
1.27633e-05 32 235 8.1716459972e-03 14
1.27633e-05 32 235 8.1161790004e-03 15
1.27633e-05 32 235 8.4778999990e-03 16
1.27633e-05 32 235 1.1034180003e-02 17
1.27633e-05 32 235 1.0935793005e-02 18
1.27633e-05 32 235 1.1431188002e-02 19
1.27633e-05 32 235 1.1620188998e-02 20
1.27633e-05 32 235 1.1435617002e-02 21
1.27633e-05 32 235 1.2269396997e-02 22
1.27633e-05 32 235 1.0521563003e-02 23
1.27633e-05 32 235 1.1641910001e-02 24
1.27633e-05 32 235 1.1661377001e-02 25
1.27633e-05 32 235 1.2567045000e-02 26
3.39225e-06 64 415 1.2128284300e-01 1
3.39225e-06 64 415 8.0995927001e-02 2
3.39225e-06 64 415 7.1637888999e-02 3
3.39225e-06 64 415 5.9976568999e-02 4
3.39225e-06 64 415 5.2203523999e-02 5
3.39225e-06 64 415 4.6654559999e-02 6
3.39225e-06 64 415 4.1785955000e-02 7
3.39225e-06 64 415 3.5278563999e-02 8
3.39225e-06 64 415 3.3264362999e-02 9
3.39225e-06 64 415 3.4073074999e-02 10
3.39225e-06 64 415 2.9835623001e-02 11
3.39225e-06 64 415 3.1261132001e-02 12
3.39225e-06 64 415 2.8564058000e-02 13
3.39225e-06 64 415 2.8241612999e-02 14
3.39225e-06 64 415 2.8866985998e-02 15
3.39225e-06 64 415 2.7915571998e-02 16
3.39225e-06 64 415 3.7162577006e-02 17
3.39225e-06 64 415 3.2092474998e-02 18
3.39225e-06 64 415 2.8348061998e-02 19
3.39225e-06 64 415 2.7484924998e-02 20
3.39225e-06 64 415 2.5095557001e-02 21
3.39225e-06 64 415 2.5755294999e-02 22
3.39225e-06 64 415 2.7190063003e-02 23
3.39225e-06 64 415 2.5798277005e-02 24
3.39225e-06 64 415 2.6859361999e-02 25
3.39225e-06 64 415 2.6410124003e-02 26
8.74700e-07 128 2136 2.4673016690e+00 1
8.74700e-07 128 2136 1.5663923370e+00 2
8.74700e-07 128 2136 1.1441974730e+00 3
8.74700e-07 128 2136 8.4774070400e-01 4
8.74700e-07 128 2136 7.7381396900e-01 5
8.74700e-07 128 2136 6.1345412600e-01 6
8.74700e-07 128 2136 5.5845019100e-01 7
8.74700e-07 128 2136 4.8442589900e-01 8
8.74700e-07 128 2136 4.5947856000e-01 9
8.74700e-07 128 2136 4.1462953200e-01 10
8.74700e-07 128 2136 4.3460647200e-01 11
8.74700e-07 128 2136 3.6912602600e-01 12
8.74700e-07 128 2136 3.5380500600e-01 13
8.74700e-07 128 2136 3.4292153900e-01 14
8.74700e-07 128 2136 3.7447804400e-01 15
8.74700e-07 128 2136 3.0949069800e-01 16
8.74700e-07 128 2136 3.5396272700e-01 17
8.74700e-07 128 2136 3.5344541100e-01 18
8.74700e-07 128 2136 3.5807036300e-01 19
8.74700e-07 128 2136 3.5830815700e-01 20
8.74700e-07 128 2136 3.6080565200e-01 21
8.74700e-07 128 2136 3.4765445200e-01 22
8.74700e-07 128 2136 3.6098914200e-01 23
8.74700e-07 128 2136 3.3232187200e-01 24
8.74700e-07 128 2136 3.2964454400e-01 25
8.74700e-07 128 2136 3.4609358400e-01 26
2.22101e-07 256 8828 4.0790350198e+01 1
2.22101e-07 256 8828 2.5661397099e+01 2
2.22101e-07 256 8828 1.7705653266e+01 3
2.22101e-07 256 8828 1.3574044410e+01 4
2.22101e-07 256 8828 1.1958738559e+01 5
2.22101e-07 256 8828 9.5449252830e+00 6
2.22101e-07 256 8828 8.4246060010e+00 7
2.22101e-07 256 8828 7.4590220890e+00 8
2.22101e-07 256 8828 7.0820934600e+00 9
2.22101e-07 256 8828 6.2630254810e+00 10
2.22101e-07 256 8828 5.8871263970e+00 11
2.22101e-07 256 8828 5.4993171290e+00 12
2.22101e-07 256 8828 5.2081613550e+00 13
2.22101e-07 256 8828 4.9015674690e+00 14
2.22101e-07 256 8828 4.8041582520e+00 15
2.22101e-07 256 8828 4.5519126380e+00 16
2.22101e-07 256 8828 5.0899780760e+00 17
2.22101e-07 256 8828 5.3792304630e+00 18
2.22101e-07 256 8828 5.3008029460e+00 19
2.22101e-07 256 8828 5.0060178590e+00 20
2.22101e-07 256 8828 5.0029061370e+00 21
2.22101e-07 256 8828 4.8178259330e+00 22
2.22101e-07 256 8828 4.6828865360e+00 23
2.22101e-07 256 8828 4.5603280090e+00 24
2.22101e-07 256 8828 4.6029563480e+00 25
2.22101e-07 256 8828 4.4530034400e+00 26
5.59597e-08 512 35506 6.6301302694e+02 1
5.59597e-08 512 35506 4.1329622794e+02 2
5.59597e-08 512 35506 2.7932351921e+02 3
5.59597e-08 512 35506 2.1224206920e+02 4
5.59597e-08 512 35506 1.7263473476e+02 5
5.59597e-08 512 35506 1.4584693734e+02 6
5.59597e-08 512 35506 1.2652103910e+02 7
5.59597e-08 512 35506 1.1159236896e+02 8
5.59597e-08 512 35506 1.0021937778e+02 9
5.59597e-08 512 35506 9.3424487478e+01 10
5.59597e-08 512 35506 8.3516899726e+01 11
5.59597e-08 512 35506 7.7593244252e+01 12
5.59597e-08 512 35506 7.9233242896e+01 13
5.59597e-08 512 35506 7.4369481542e+01 14
5.59597e-08 512 35506 7.0390139035e+01 15
5.59597e-08 512 35506 6.8164469982e+01 16
5.59597e-08 512 35506 7.1718483129e+01 17
5.59597e-08 512 35506 7.2555487772e+01 18
5.59597e-08 512 35506 6.8949556031e+01 19
5.59597e-08 512 35506 6.6432490622e+01 20
5.59597e-08 512 35506 6.4148983607e+01 21
5.59597e-08 512 35506 6.1952723710e+01 22
5.59597e-08 512 35506 5.9629764241e+01 23
5.59597e-08 512 35506 5.7340179972e+01 24
5.59597e-08 512 35506 5.5607124543e+01 25
5.59597e-08 512 35506 5.3208394766e+01 26