4.996003610813204432e-16
4.996003610813204432e-16
4.996003610813204432e-16
9.992007221626408864e-16
1.665334536937734811e-15
1.831867990631508292e-15
2.664535259100375697e-15
2.997602166487922659e-15
3.497202527569243102e-15
3.497202527569243102e-15
3.996802888650563546e-15
4.329869796038110508e-15
4.829470157119430951e-15
5.162537064506977913e-15
5.828670879282071837e-15
5.662137425588298356e-15
5.828670879282071837e-15
6.161737786669618799e-15
6.328271240363392280e-15
7.160938508832259686e-15
7.160938508832259686e-15
7.827072323607353610e-15
9.492406860545088421e-15
9.992007221626408864e-15
9.492406860545088421e-15
9.492406860545088421e-15
1.015854067532018234e-14
1.049160758270772931e-14
1.049160758270772931e-14
1.149080830487037019e-14
1.182387521225791716e-14
1.199040866595169064e-14
1.265654248072678456e-14
1.282307593442055804e-14
1.348920974919565197e-14
1.315614284180810500e-14
1.382227665658319893e-14
1.415534356397074589e-14
1.465494392505206633e-14
1.498801083243961330e-14
1.565414464721470722e-14
1.582067810090848070e-14
1.681987882307112159e-14
1.781907954523376247e-14
1.798561299892753595e-14
1.815214645262130944e-14
1.865174681370262988e-14
1.915134717478395032e-14
1.998401444325281773e-14
2.031708135064036469e-14
2.048361480433413817e-14
2.114974861910923210e-14
2.198241588757809950e-14
2.181588243388432602e-14
2.364775042451583431e-14
2.398081733190338127e-14
2.448041769298470172e-14
2.514655150775979564e-14
2.498001805406602216e-14
2.514655150775979564e-14
2.581268532253488956e-14
2.664535259100375697e-14
2.731148640577885089e-14
2.681188604469753045e-14
2.747801985947262438e-14
2.814415367424771830e-14
2.814415367424771830e-14
2.847722058163526526e-14
2.947642130379790615e-14
3.014255511857300007e-14
3.130828929442941444e-14
3.147482274812318792e-14
3.197442310920450836e-14
3.214095656289828185e-14
3.264055692397960229e-14
3.264055692397960229e-14
3.264055692397960229e-14
3.314015728506092273e-14
3.347322419244846969e-14
3.347322419244846969e-14
3.380629109983601666e-14
3.363975764614224317e-14
3.380629109983601666e-14
3.480549182199865754e-14
3.547162563677375147e-14
3.547162563677375147e-14
3.530509218307997799e-14
3.613775945154884539e-14
3.697042672001771280e-14
3.713696017371148628e-14
3.780309398848658020e-14
3.796962744218035368e-14
3.830269434956790064e-14
3.913536161803676805e-14
3.930189507173054153e-14
3.946842852542431501e-14
4.063416270128072938e-14
4.046762924758695590e-14
4.030109579389318242e-14
4.080069615497450286e-14
4.046762924758695590e-14
4.096722960866827634e-14
4.213296378452469071e-14
4.246603069191223767e-14
4.296563105299355811e-14
4.346523141407487856e-14
4.363176486776865204e-14
4.463096558993129293e-14
4.446443213623751944e-14
4.479749904362506641e-14
4.563016631209393381e-14
4.629630012686902774e-14
4.662936703425657470e-14
4.712896739533789514e-14
4.712896739533789514e-14
4.729550084903166862e-14
4.846123502488808299e-14
4.862776847858185647e-14
4.862776847858185647e-14
4.946043574705072388e-14
4.929390229335695039e-14
4.946043574705072388e-14
4.979350265443827084e-14
5.029310301551959128e-14
5.012656956182581780e-14
5.012656956182581780e-14
5.012656956182581780e-14
5.012656956182581780e-14
5.112577028398845869e-14
5.145883719137600565e-14
5.212497100615109957e-14
5.245803791353864654e-14
5.279110482092619350e-14
5.245803791353864654e-14
5.362377208939506090e-14
5.445643935786392831e-14
5.495603971894524875e-14
5.512257317263902223e-14
5.528910662633279571e-14
5.578870698741411616e-14
5.595524044110788964e-14
5.645484080218921008e-14
5.695444116327053052e-14
5.745404152435185097e-14
5.695444116327053052e-14
5.695444116327053052e-14
5.628830734849543660e-14
5.695444116327053052e-14
5.678790770957675704e-14
5.778710843173939793e-14
5.812017533912694489e-14
5.861977570020826533e-14
5.861977570020826533e-14
5.911937606128958578e-14
5.911937606128958578e-14
5.861977570020826533e-14
5.878630915390203882e-14
5.911937606128958578e-14
5.978550987606467970e-14
6.011857678345222666e-14
5.995204332975845318e-14
6.028511023714600015e-14
6.045164369083977363e-14
6.078471059822732059e-14
6.145084441300241451e-14
6.178391132038996147e-14
6.211697822777750844e-14
6.195044477408373496e-14
6.311617894994014932e-14
6.294964549624637584e-14
6.394884621840901673e-14
6.411537967210279021e-14
6.444844657949033717e-14
6.444844657949033717e-14
6.544764730165297806e-14
6.594724766273429850e-14
6.594724766273429850e-14
6.644684802381561894e-14
6.711298183859071287e-14
6.794564910705958027e-14
6.827871601444712724e-14
6.877831637552844768e-14
6.944445019030354160e-14
6.977751709769108857e-14
7.027711745877240901e-14
7.077671781985372945e-14
7.011058400507863553e-14
7.061018436615995597e-14
7.027711745877240901e-14
7.077671781985372945e-14
7.127631818093504990e-14
7.177591854201637034e-14
7.227551890309769078e-14
7.277511926417901122e-14
7.310818617156655819e-14
7.344125307895410515e-14
7.344125307895410515e-14
7.427392034742297255e-14
7.477352070850429300e-14
7.510658761589183996e-14
7.510658761589183996e-14
7.510658761589183996e-14
7.543965452327938692e-14
7.543965452327938692e-14
7.527312106958561344e-14
7.643885524544202781e-14
7.727152251391089521e-14
7.693845560652334825e-14
7.710498906021712173e-14
7.827072323607353610e-14
7.827072323607353610e-14
7.877032359715485654e-14
7.976952431931749743e-14
8.010259122670504439e-14
8.076872504148013832e-14
8.143485885625523224e-14
8.143485885625523224e-14
8.243405957841787313e-14
8.310019339319296705e-14
8.359979375427428749e-14
8.426592756904938142e-14
8.476552793013070186e-14
8.543166174490579579e-14
8.576472865229334275e-14
8.626432901337466319e-14
8.676392937445598363e-14
8.709699628184353060e-14
8.626432901337466319e-14
8.726352973553730408e-14
8.709699628184353060e-14
8.776313009661862452e-14
8.792966355031239800e-14
8.792966355031239800e-14
8.792966355031239800e-14
8.942846463355635933e-14
8.942846463355635933e-14
8.959499808725013281e-14
9.042766535571900022e-14
9.126033262418786762e-14
9.126033262418786762e-14
9.159339953157541458e-14
9.175993298526918807e-14
9.225953334635050851e-14
9.292566716112560243e-14
9.392486788328824332e-14
9.309220061481937591e-14
9.375833442959446984e-14
9.442446824436956376e-14
9.442446824436956376e-14
9.542366896653220465e-14
9.592326932761352509e-14
9.642286968869484554e-14
9.675593659608239250e-14
9.742207041085748642e-14
9.725553695716371294e-14
9.775513731824503338e-14
9.842127113302012731e-14
9.908740494779522123e-14
1.000866056699578621e-13
1.004196725773454091e-13
1.000866056699578621e-13
1.010858063921205030e-13
1.012523398458142765e-13
1.020850071142831439e-13
1.030842078364457848e-13
1.034172747438333317e-13
1.037503416512208787e-13
1.039168751049146522e-13
1.040834085586084257e-13
1.044164754659959726e-13
1.040834085586084257e-13
1.040834085586084257e-13
1.045830089196897461e-13
1.044164754659959726e-13
1.054156761881586135e-13
1.060818100029337074e-13
1.064148769103212544e-13
1.062483434566274809e-13
1.072475441787901218e-13
1.064148769103212544e-13
1.074140776324838953e-13
1.084132783546465362e-13
1.082467449009527627e-13
1.080802114472589892e-13
1.087463452620340831e-13
1.092459456231154036e-13
1.097455459841967240e-13
1.097455459841967240e-13
1.094124790768091771e-13
1.097455459841967240e-13
1.094124790768091771e-13
1.100786128915842710e-13
1.104116797989718179e-13
1.104116797989718179e-13
1.110778136137469119e-13
1.117439474285220058e-13
1.122435477896033262e-13
1.124100812432970997e-13
1.127431481506846467e-13
1.134092819654597406e-13
1.134092819654597406e-13
1.139088823265410610e-13
1.134092819654597406e-13
1.137423488728472876e-13
1.140754157802348345e-13
1.139088823265410610e-13
1.144084826876223815e-13
1.144084826876223815e-13
1.147415495950099285e-13
1.149080830487037019e-13
1.150746165023974754e-13
1.147415495950099285e-13
1.154076834097850224e-13
1.155742168634787959e-13
1.157407503171725693e-13
1.164068841319476633e-13
1.164068841319476633e-13
1.177391517614978511e-13
1.174060848541103041e-13
1.184052855762729450e-13
1.194044862984355859e-13
1.194044862984355859e-13
1.197375532058231329e-13
1.202371535669044533e-13
1.207367539279857738e-13
1.207367539279857738e-13
1.204036870205982268e-13
1.205702204742920003e-13
1.214028877427608677e-13
1.212363542890670942e-13
1.214028877427608677e-13
1.215694211964546412e-13
1.214028877427608677e-13
1.217359546501484147e-13
1.217359546501484147e-13
1.217359546501484147e-13
1.224020884649235086e-13
1.230682222796986025e-13
1.227351553723110555e-13
1.234012891870861495e-13
1.227351553723110555e-13
1.232347557333923760e-13
1.234012891870861495e-13
1.240674230018612434e-13
1.239008895481674699e-13
1.247335568166363373e-13
1.250666237240238843e-13
1.252331571777176578e-13
1.252331571777176578e-13
1.255662240851052047e-13
1.250666237240238843e-13
1.260658244461865252e-13
1.273980920757367130e-13
1.275646255294304865e-13
1.283972927978993539e-13
1.287303597052869009e-13
1.292299600663682213e-13
1.303956942422246357e-13
1.310618280569997296e-13
1.303956942422246357e-13
1.312283615106935031e-13
1.318944953254685970e-13
1.323940956865499174e-13
1.323940956865499174e-13
1.328936960476312379e-13
1.337263633161001053e-13
1.340594302234876523e-13
1.340594302234876523e-13
1.338928967697938788e-13
1.343924971308751992e-13
1.348920974919565197e-13
1.347255640382627462e-13
1.347255640382627462e-13
1.350586309456502931e-13
1.355582313067316136e-13
1.358912982141191605e-13
1.360578316678129340e-13
1.367239654825880280e-13
1.368904989362818014e-13
1.373900992973631219e-13
1.378896996584444423e-13
1.382227665658319893e-13
1.387223669269133097e-13
1.393885007416884037e-13
1.403877014638510445e-13
1.403877014638510445e-13
1.407207683712385915e-13
1.410538352786261385e-13
1.423861029081763263e-13
1.423861029081763263e-13
1.427191698155638733e-13
1.433853036303389672e-13
1.433853036303389672e-13
1.443845043525016081e-13
1.447175712598891550e-13
1.455502385283580224e-13
1.458833054357455694e-13
1.467159727042144368e-13
1.473821065189895307e-13
1.478817068800708512e-13
1.480482403337646247e-13
1.483813072411521716e-13
1.483813072411521716e-13
1.490474410559272656e-13
1.497135748707023595e-13
1.500466417780899064e-13
1.497135748707023595e-13
1.503797086854774534e-13
1.508793090465587738e-13
1.512123759539463208e-13
1.505462421391712269e-13
1.507127755928650004e-13
1.520450432224151882e-13
1.515454428613338678e-13
1.518785097687214147e-13
1.527111770371902821e-13
1.535438443056591495e-13
1.537103777593529230e-13
1.540434446667404700e-13
1.547095784815155639e-13
1.550426453889031109e-13
1.563749130184532987e-13
1.567079799258408457e-13
1.580402475553910335e-13
1.578737141016972600e-13
1.583733144627785805e-13
1.583733144627785805e-13
1.587063813701661275e-13
1.587063813701661275e-13
1.592059817312474479e-13
1.600386489997163153e-13
1.597055820923287683e-13
1.603717159071038623e-13
1.603717159071038623e-13
1.613709166292665032e-13
1.617039835366540501e-13
1.617039835366540501e-13
1.622035838977353706e-13
1.622035838977353706e-13
1.633693180735917849e-13
1.638689184346731054e-13
1.643685187957544258e-13
1.650346526105295197e-13
1.653677195179170667e-13
1.663669202400797076e-13
1.663669202400797076e-13
1.670330540548548015e-13
1.675326544159361219e-13
1.683653216844049894e-13
1.690314554991800833e-13
1.696975893139551772e-13
1.701971896750364976e-13
1.703637231287302711e-13
1.706967900361178181e-13
1.711963903971991385e-13
1.716959907582804590e-13
1.725286580267493264e-13
1.730282583878306468e-13
1.738609256562995142e-13
1.746935929247683816e-13
1.746935929247683816e-13
1.758593271006247960e-13
1.763589274617061164e-13
1.763589274617061164e-13
1.763589274617061164e-13
1.773581281838687573e-13
1.775246616375625308e-13
1.780242619986438513e-13
1.781907954523376247e-13
1.783573289060313982e-13
1.786903958134189452e-13
1.783573289060313982e-13
1.783573289060313982e-13
1.790234627208064921e-13
1.790234627208064921e-13
1.793565296281940391e-13
1.790234627208064921e-13
1.786903958134189452e-13
1.793565296281940391e-13
1.803557303503566800e-13
1.808553307114380004e-13
1.811883976188255474e-13
1.813549310725193209e-13
1.821875983409881883e-13
1.830202656094570557e-13
1.826871987020695087e-13
1.838529328779259231e-13
1.841859997853134701e-13
1.848521336000885640e-13
1.853517339611698844e-13
1.858513343222512049e-13
1.865174681370262988e-13
1.863509346833325253e-13
1.876832023128827132e-13
1.880162692202702601e-13
1.883493361276578071e-13
1.888489364887391275e-13
1.890154699424329010e-13
1.896816037572079949e-13
1.905142710256768623e-13
1.913469382941457297e-13
1.923461390163083706e-13
1.921796055626145971e-13
1.923461390163083706e-13
1.925126724700021441e-13
1.921796055626145971e-13
1.926792059236959176e-13
1.926792059236959176e-13
1.935118731921647850e-13
1.940114735532461054e-13
1.946776073680211994e-13
1.953437411827962933e-13
1.956768080901838402e-13
1.961764084512651607e-13
1.966760088123464811e-13
1.971756091734278016e-13
1.973421426271215751e-13
1.990074771640593099e-13
1.990074771640593099e-13
1.995070775251406303e-13
1.996736109788344038e-13
2.003397447936094977e-13
2.003397447936094977e-13
2.003397447936094977e-13
2.003397447936094977e-13
2.020050793305472325e-13
2.021716127842410060e-13
2.018385458768534590e-13
2.026712131453223265e-13
2.026712131453223265e-13
2.028377465990160999e-13
2.036704138674849673e-13
2.040034807748725143e-13
2.040034807748725143e-13
2.041700142285662878e-13
2.048361480433413817e-13
2.050026814970351552e-13
2.056688153118102491e-13
2.058353487655040226e-13
2.063349491265853430e-13
2.070010829413604370e-13
2.066680160339728900e-13
2.068345494876666635e-13
2.073341498487479839e-13
2.076672167561355309e-13
2.083333505709106248e-13
2.083333505709106248e-13
2.086664174782981718e-13
2.093325512930732657e-13
2.098321516541545861e-13
2.103317520152359066e-13
2.106648189226234535e-13
2.114974861910923210e-13
2.118305530984798679e-13
2.126632203669487353e-13
2.133293541817238292e-13
2.134958876354176027e-13
2.134958876354176027e-13
2.133293541817238292e-13
2.143285549038864701e-13
2.153277556260491110e-13
2.161604228945179784e-13
2.166600232555992989e-13
2.173261570703743928e-13
2.173261570703743928e-13
2.173261570703743928e-13
