-7.494005416219806648e-15
-3.297362383136714925e-14
-7.677192215282957477e-14
-1.360578316678129340e-13
-2.128297538206425088e-13
-3.069211551576245256e-13
-4.181655022250652110e-13
-5.447309270323330566e-13
-6.894484982922222116e-13
-8.491540803845509799e-13
-1.026012608207338417e-12
-1.218525280677340561e-12
-1.425859430526088545e-12
-1.650179992651601424e-12
-1.889821632516941463e-12
-2.143951682853639795e-12
-2.412903210569083967e-12
-2.695843548394805111e-12
-2.992772696330803228e-12
-3.305355988914016052e-12
-3.629263556348405473e-12
-3.967826067707846960e-12
-4.318545521186933911e-12
-4.681921517146747647e-12
-5.055955654142962885e-12
-5.441980199805129814e-12
-5.839329020318473340e-12
-6.247835582229299689e-12
-6.666167617908058673e-12
-7.094491660808444067e-12
-7.531808510208293228e-12
-7.977618565746524837e-12
-8.432421427784220214e-12
-8.894385228330747850e-12
-9.364342634654576614e-12
-9.840961379126156316e-12
-1.032440799519918073e-11
-1.081151834725346816e-11
-1.130545657090920031e-11
-1.180272546363880792e-11
-1.230582302724769761e-11
-1.281091899230091258e-11
-1.331967869333539056e-11
-1.382993719545311251e-11
-1.434286023282993483e-11
-1.485661593747522602e-11
-1.537170390975006740e-11
-1.588645881511752123e-11
-1.640104718703128128e-11
-1.691297102368594096e-11
-1.742439525997951932e-11
-1.793398762828246618e-11
-1.843974972715045624e-11
-1.894268075730565215e-11
-1.944211458493327882e-11
-1.993655240895009229e-11
-2.042482849518023613e-11
-2.090877471161434187e-11
-2.138605958990069666e-11
-2.185635006313191298e-11
-2.232081186548384721e-11
-2.277644739479001146e-11
-2.322425585177256835e-11
-2.366390416952413034e-11
-2.409439314732253479e-11
-2.451422398408453773e-11
-2.492489548089338314e-11
-2.532424270285105194e-11
-2.571326485067970680e-11
-2.609162885747196015e-11
-2.645733632178348671e-11
-2.681121991088275536e-11
-2.715161429023282835e-11
-2.747918559364848079e-11
-2.779326768731493758e-11
-2.809402710468589248e-11
-2.838129731230765174e-11
-2.865324644218958383e-11
-2.891137329541493273e-11
-2.915517827162261710e-11
-2.938199683555353658e-11
-2.959466005592048532e-11
-2.979100299782544425e-11
-2.997135872817580093e-11
-3.013622684733263668e-11
-3.028410855421270753e-11
-3.041550344917709481e-11
-3.052907926459624832e-11
-3.062766706918296222e-11
-3.070893539458552368e-11
-3.077371690807240157e-11
-3.082151200928251455e-11
-3.085032229677153737e-11
-3.086314537270595793e-11
-3.085948163672469491e-11
-3.083783228774450436e-11
-3.079936305994124268e-11
-3.074224208532427838e-11
-3.067029963332856823e-11
-3.058070463524131810e-11
-3.047445629178469062e-11
-3.035188766986607334e-11
-3.021283223603177248e-11
-3.005545812229115654e-11
-2.988342906462548854e-11
-2.969524626195152450e-11
-2.949024358045448935e-11
-2.927075248848609590e-11
-2.903510765150940642e-11
-2.878514093751505243e-11
-2.852001967923456505e-11
-2.823991041012163805e-11
-2.794647846471320918e-11
-2.763805850847234069e-11
-2.731631587593597033e-11
-2.698191670091887318e-11
-2.663402831615258037e-11
-2.627464912308141720e-11
-2.590228032062213970e-11
-2.551842070985799182e-11
-2.512340335769636113e-11
-2.471806093140571647e-11
-2.430239343098605787e-11
-2.387640085643738530e-11
-2.344041627466708633e-11
-2.299627155366579245e-11
-2.254313402616503481e-11
-2.208383476087760755e-11
-2.161604228945179784e-11
-2.114075581260976833e-11
-2.065947413143476297e-11
-2.017336298010263818e-11
-1.968125662443753754e-11
-1.918482039897639879e-11
-1.868472043753399703e-11
-1.818128980701771980e-11
-1.767286317289062936e-11
-1.716443653876353892e-11
-1.665168003484041037e-11
-1.613892353091728182e-11
-1.562500129281829686e-11
-1.511007985399714926e-11
-1.459549148208338920e-11
-1.408290151161395443e-11
-1.357081114150560097e-11
-1.306055263938787903e-11
-1.255295867252925746e-11
-1.204852884129081758e-11
-1.154959461402427223e-11
-1.105465718964637745e-11
-1.056471576887929587e-11
-1.007943728481563994e-11
-9.600154005084959863e-12
-9.126366329326174309e-12
-8.659573058622527242e-12
-8.200273793335099981e-12
-7.749634267639748941e-12
-7.307321414629086576e-12
-6.875000568840050619e-12
-6.450673328828315789e-12
-6.037337296760370009e-12
-5.633826738460356864e-12
-5.240641254289357676e-12
-4.859612712238003951e-12
-4.491240712667377011e-12
-4.134526054855314214e-12
-3.790467939523978202e-12
-3.458733299765981428e-12
-3.140987470118261626e-12
-2.836397783312349929e-12
-2.546296506977796525e-12
-2.270184040753520094e-12
-2.009392652269070823e-12
-1.762423540441204750e-12
-1.531108573260553385e-12
-1.315114683819729180e-12
-1.115940673201976097e-12
-9.314216065092750796e-13
-7.635558851859514107e-13
-6.113443085098424490e-13
-4.759526106568046089e-13
-3.580469254416129843e-13
-2.537969834293107851e-13
-1.695310558602614037e-13
-1.012523398458142765e-13
-5.062616992290713824e-14
-1.515454428613338678e-14
1.831867990631508292e-15
2.498001805406602216e-15
-1.532107773982716026e-14
-5.012656956182581780e-14
-1.019184736605893704e-13
-1.700306562213427242e-13
-2.556288514199422934e-13
-3.575473250805316638e-13
-4.764522110178859293e-13
-6.118439088709237694e-13
-7.628897513711763168e-13
-9.314216065092750796e-13
-1.115940673201976097e-12
-1.316946551810360688e-12
-1.531774707075328479e-12
-1.764255408431836258e-12
-2.010558386444927237e-12
-2.272682042558926696e-12
-2.548794508783203128e-12
-2.839062318571450305e-12
-3.142985871562586908e-12
-3.461730901932469351e-12
-3.792965941329384805e-12
-4.137190590114414590e-12
-4.494071781380171160e-12
-4.863442981672960741e-12
-5.243305789548458051e-12
-5.635325539543600826e-12
-6.038336497482532650e-12
-6.452338663365253524e-12
-6.875167102293744392e-12
-7.308154081897555443e-12
-7.751299602176686676e-12
-8.201939127872037716e-12
-8.659573058622527242e-12
-9.126532862779868083e-12
-9.599820938177572316e-12
-1.007877115100086485e-11
-1.056388310161082700e-11
-1.105482372310007122e-11
-1.154959461402427223e-11
-1.205019417582775532e-11
-1.255379133979772632e-11
-1.306205144047112299e-11
-1.357280954294992625e-11
-1.408523297996566725e-11
-1.459882215115726467e-11
-1.511324398961733095e-11
-1.562733276117000969e-11
-1.614125499926899465e-11
-1.665451110355320452e-11
-1.716660147366155797e-11
-1.767735957614036124e-11
-1.818512007645267659e-11
-1.868938337423742269e-11
-1.919114867021676218e-11
-1.968708529531681961e-11
-2.017985778479669534e-11
-2.066696813685098277e-11
-2.114725061730382549e-11
-2.162120482651630482e-11
-2.208899729794211453e-11
-2.254846309668323556e-11
-2.300060142346183056e-11
-2.344474614446312444e-11
-2.388039765932603586e-11
-2.430605716696732088e-11
-2.472205773429436704e-11
-2.512706709367762414e-11
-2.552208444583925484e-11
-2.590577752314970894e-11
-2.627831285906268022e-11
-2.663785858558753716e-11
-2.698558043690013619e-11
-2.732031267882462089e-11
-2.764255491172207257e-11
-2.795047526760185974e-11
-2.824390721301028861e-11
-2.852368341521582806e-11
-2.878780547277415280e-11
-2.903843832058328189e-11
-2.927241782302303363e-11
-2.949207544844512086e-11
-2.969641199612738092e-11
-2.988609359988458891e-11
-3.005878879136503201e-11
-3.021466410402240399e-11
-3.035438567167147994e-11
-3.047728736049748477e-11
-3.058436837122258112e-11
-3.067412990276352502e-11
-3.074640542166662271e-11
-3.080219412865403683e-11
-3.084116295681837983e-11
-3.086247923889118283e-11
-3.086780830940938358e-11
-3.085515176692865680e-11
-3.082550881217116512e-11
-3.077788024441474590e-11
-3.071376486474264311e-11
-3.063399534042332562e-11
-3.053490793547553039e-11
-3.042083251969529556e-11
-3.028827189055505187e-11
-3.014105631748975611e-11
-2.997485593070337018e-11
-2.979483326726040104e-11
-2.959965605953129852e-11
-2.938732590607173734e-11
-2.916017427523343031e-11
-2.891736849974790857e-11
-2.865974124688364100e-11
-2.838745905009432136e-11
-2.809985577556517455e-11
-2.779942942510160719e-11
-2.748384853035190645e-11
-2.715527802621409137e-11
-2.681388444614185573e-11
-2.646000085704258709e-11
-2.609429339273106052e-11
-2.571626245284619472e-11
-2.532657417120276477e-11
-2.492489548089338314e-11
-2.451289171645498755e-11
-2.409306087969298460e-11
-2.366157270117241751e-11
-2.322242398378193684e-11
-2.277461552679937995e-11
-2.231781426331735929e-11
-2.185401859478020015e-11
-2.138339505464159629e-11
-2.090444484181830376e-11
-2.041983249156942293e-11
-1.992905840353387248e-11
-1.943428751260967147e-11
-1.893568635225051366e-11
-1.843275532209531775e-11
-1.792732629013471524e-11
-1.741856658910023725e-11
-1.690897422079729040e-11
-1.639571811651308053e-11
-1.588212894532148312e-11
-1.536820670722249815e-11
-1.485328526840135055e-11
-1.434002916411714068e-11
-1.382827186091617477e-11
-1.331718069152998396e-11
-1.280925365776397484e-11
-1.230349155889598478e-11
-1.180239239673142038e-11
-1.130362470291856880e-11
-1.081135181379977439e-11
-1.032324226102332432e-11
-9.840628312218768770e-12
-9.364009567747189067e-12
-8.895051362145522944e-12
-8.433254095052689081e-12
-7.978617766468687478e-12
-7.532974244384149642e-12
-7.096823129160156896e-12
-6.668832153167159049e-12
-6.249500916766237424e-12
-5.841160888309104848e-12
-5.443479000888373776e-12
-5.057121388318819299e-12
-4.681921517146747647e-12
-4.319211655001709005e-12
-3.968159134615234507e-12
-3.630595823977955661e-12
-3.305355988914016052e-12
-2.993771897052965869e-12
-2.696343148755886432e-12
-2.413569344383859061e-12
-2.145450483936883757e-12
-1.890654299785410331e-12
-1.651678793734845385e-12
-1.428690499238882694e-12
-1.219524481399503202e-12
-1.027677942744276152e-12
-8.518186156436513556e-13
-6.919465000976288138e-13
-5.482281295599022997e-13
-4.204969705767780397e-13
-3.105848911388875422e-13
-2.159938894408242049e-13
-1.400546345564634976e-13
-8.026912468039881787e-14
-3.663735981263016583e-14
-1.165734175856414367e-14
-3.497202527569243102e-15
-1.315614284180810500e-14
-4.013456234019940894e-14
-8.343326030058051401e-14
-1.447175712598891550e-13
-2.208233595979436359e-13
-3.142486271201505588e-13
-4.251599072802036972e-13
-5.532241331707155041e-13
-6.962763698936669243e-13
-8.561484854396894661e-13
-1.032174345994008036e-12
-1.224520485010316406e-12
-1.432520768673839484e-12
-1.657507464614127457e-12
-1.897315637933161270e-12
-2.152611422445716016e-12
-2.421729483614853962e-12
-2.704669821440575106e-12
-3.002431636645042090e-12
-3.314182261959786047e-12
-3.639255563570031882e-12
-3.977318474568392048e-12
-4.327704861140091452e-12
-4.690747790192517641e-12
-5.065781127910895520e-12
-5.452804874295225090e-12
-5.850986362077037484e-12
-6.259659457441557606e-12
-6.677991493120316591e-12
-7.107148203289170851e-12
-7.543465851966857372e-12
-7.990108574773557848e-12
-8.445244503718640772e-12
-8.906875237357780861e-12
-9.376666110227915851e-12
-9.854117521967964421e-12
-1.033589880350405110e-11
-1.082317568901203231e-11
-1.131744697957515200e-11
-1.181521547266584093e-11
-1.231781343591364930e-11
-1.282307593442055804e-11
-1.333250176926981112e-11
-1.384242720448014552e-11
-1.435535024185696784e-11
-1.486893941304856526e-11
-1.538286165114755022e-11
-1.589711695615392273e-11
-1.641137226116029524e-11
-1.692396223162973001e-11
-1.743555300137700215e-11
-1.794414616895778636e-11
-1.845140706890902038e-11
-1.895417156561052252e-11
-1.945227312560859900e-11
-1.994637788271802492e-11
-2.043581970312402518e-11
-2.091943285265074337e-11
-2.139588506366862930e-11
-2.186767433798308957e-11
-2.233163653997394249e-11
-2.278827127000226938e-11
-2.323607972698482627e-11
-2.367439577710683807e-11
-2.410488475490524252e-11
-2.452504865857463301e-11
-2.493621975574455973e-11
-2.533506737734114722e-11
-2.572525525934565849e-11
-2.610262006541574920e-11
-2.646832752972727576e-11
-2.682304378609501327e-11
-2.716377123235247382e-11
-2.749084293540704493e-11
-2.780542462943458304e-11
-2.810668364716661927e-11
-2.839445345514945984e-11
-2.866773485266094212e-11
-2.892502903861782215e-11
-2.916833441446442521e-11
-2.939615217911750733e-11
-2.960781619876229342e-11
-2.980365954030617104e-11
-2.998384873720283395e-11
-3.014738458873011950e-11
-3.029393402798064017e-11
-3.042549545639872122e-11
-3.054040353944742492e-11
-3.063882481058044505e-11
-3.071876086835345632e-11
-3.078254318111817156e-11
-3.082900601469873436e-11
-3.085881550290991981e-11
-3.087080591157587151e-11
-3.086580990796505830e-11
-3.084399402553117397e-11
-3.080552479772791230e-11
-3.075023569110157950e-11
-3.067662790456893163e-11
-3.058736597338906904e-11
-3.047995189575658515e-11
-3.035621753966211145e-11
-3.021649597201303550e-11
-3.006028759244827597e-11
-2.988792546787522042e-11
-2.969874346447909375e-11
-2.949424038334313991e-11
-2.927391662410627760e-11
-2.903827178712958812e-11
-2.878913774040370299e-11
-2.852401648212321561e-11
-2.824290801228812597e-11
-2.794781073234275937e-11
-2.764055651027774729e-11
-2.731914694464876447e-11
-2.698508083653905487e-11
-2.663785858558753716e-11
-2.627847939251637399e-11
-2.590661019041817781e-11
-2.552241751274664239e-11
-2.512889896166825565e-11
-2.472239080120175458e-11
-2.430605716696732088e-11
-2.388106379314081096e-11
-2.344657801245375595e-11
-2.300110102382291188e-11
-2.254846309668323556e-11
-2.208899729794211453e-11
-2.162137135996999859e-11
-2.114675101694274417e-11
-2.066496973540665749e-11
-2.017869205062083893e-11
-1.968591956114096320e-11
-1.918981640258721200e-11
-1.868805110660787250e-11
-1.818362127536943262e-11
-1.767552770814972973e-11
-1.716576880639308911e-11
-1.665351190283104188e-11
-1.614042233200052578e-11
-1.562616702699415328e-11
-1.511257785580255586e-11
-1.459815601734248958e-11
-1.408606564723413612e-11
-1.357430834403317021e-11
-1.306488250918391714e-11
-1.255695547541790802e-11
-1.205419097871640588e-11
-1.155325835000553525e-11
-1.105815439217394669e-11
-1.056704723723100869e-11
-1.008043648553780258e-11
-9.600986672353428730e-12
-9.128697797677887138e-12
-8.663236794603790258e-12
-8.205935930760688279e-12
-7.755129871611643466e-12
-7.312650485147287327e-12
-6.879996572450863823e-12
-6.456335466253904087e-12
-6.043499034547039628e-12
-5.640321543154414030e-12
-5.248468326612965029e-12
-4.867939384922692625e-12
-4.499234318444678138e-12
-4.141686993364146474e-12
-3.797129277671729142e-12
-3.466393838635895008e-12
-3.148481475534481433e-12
-2.845224056358119924e-12
-2.554789713116178973e-12
-2.278677246891902541e-12
-2.016553590777903082e-12
-1.770417146218505877e-12
-1.539268712491548285e-12
-1.322775222689642760e-12
-1.122935078257114583e-12
-9.389156119254948862e-13
-7.708833571484774438e-13
-6.186717804723684822e-13
-4.834466160730244155e-13
-3.642086632282826031e-13
-2.622901895676932327e-13
-1.766919943690936634e-13
-1.092459456231154036e-13
-5.745404152435185097e-14
-2.314815006343451387e-14
-5.162537064506977913e-15
-4.996003610813204432e-15
