-1.998401444325281773e-15
-8.659739592076221015e-15
-1.915134717478395032e-14
-3.413935800722356362e-14
-5.395683899678260786e-14
-7.827072323607353610e-14
-1.060818100029337074e-13
-1.390554338343008567e-13
-1.743605260173808347e-13
-2.144950883575802436e-13
-2.582933866790426691e-13
-3.060884878891556582e-13
-3.575473250805316638e-13
-4.131694986142520065e-13
-4.744538095735606476e-13
-5.387357226993572112e-13
-6.063483048990292446e-13
-6.767919558114954270e-13
-7.510658761589183996e-13
-8.281708652191355213e-13
-9.099387909827783005e-13
-9.945377854592152289e-13
-1.081967848648446306e-12
-1.172895114365246627e-12
-1.266153848433759777e-12
-1.363242851937229716e-12
-1.462330256885024937e-12
-1.564914864360389402e-12
-1.667832538743141413e-12
-1.775246616375625308e-12
-1.884992162359822032e-12
-1.997235710149425358e-12
-2.109978858300110005e-12
-2.225386541709895027e-12
-2.342959160017699105e-12
-2.461530979047665824e-12
-2.582600799883039144e-12
-2.703670620718412465e-12
-2.827238443359192388e-12
-2.952471600536910046e-12
-3.077205157353546383e-12
-3.204103649068201776e-12
-3.330336006968082074e-12
-3.458733299765981428e-12
-3.586630992202799462e-12
-3.715361351908086363e-12
-3.844424778520760810e-12
-3.974154338948210352e-12
-4.103550832468272347e-12
-4.231281991451396607e-12
-4.358347016619745773e-12
-4.486577775963951353e-12
-4.613143200771219199e-12
-4.739209025217405724e-12
-4.863609515126654514e-12
-4.986844270860046890e-12
-5.108580225510195305e-12
-5.229650046345568626e-12
-5.349054532644004212e-12
-5.467459818220277157e-12
-5.583367101991143500e-12
-5.698441718493540975e-12
-5.810185665922062981e-12
-5.919764678452565931e-12
-6.027012222631356053e-12
-6.131595231551045799e-12
-6.234179839026410264e-12
-6.333766844335286805e-12
-6.430356247477675424e-12
-6.524281115360963668e-12
-6.616041048346232856e-12
-6.704137245350239027e-12
-6.789069306734063503e-12
-6.870670699044012508e-12
-6.948275288465310950e-12
-7.024214543349671658e-12
-7.095823928437994255e-12
-7.163436510637666288e-12
-7.228051490670850399e-12
-7.289502335083852813e-12
-7.346290242793429570e-12
-7.400580148697599725e-12
-7.450040584444650449e-12
-7.495337683849356836e-12
-7.537637181087575300e-12
-7.574441074353899239e-12
-7.607747765092653935e-12
-7.636724586035370521e-12
-7.660871936820967676e-12
-7.681688618532689361e-12
-7.698175430448372936e-12
-7.709499705299549532e-12
-7.717160244169463112e-12
-7.720157846335951035e-12
-7.718325978345319527e-12
-7.712830374373425002e-12
-7.703337967512879914e-12
-7.689682224309990488e-12
-7.672029678218450499e-12
-7.649880728877178626e-12
-7.623235376286174869e-12
-7.591427486630664134e-12
-7.556621994808665477e-12
-7.519485034634953990e-12
-7.476519403581960432e-12
-7.430223103455091405e-12
-7.379596933532184266e-12
-7.325473561081707885e-12
-7.266354185020418299e-12
-7.204070673338947017e-12
-7.138456492583600266e-12
-7.068512442032215404e-12
-6.995570789314342619e-12
-6.917966199893044177e-12
-6.837863608666339132e-12
-6.753764214550983525e-12
-6.665668017546977353e-12
-6.575406885644952126e-12
-6.482314685030132750e-12
-6.386391415702519225e-12
-6.287637077662111551e-12
-6.186384737816297275e-12
-6.082634396165076396e-12
-5.975386851986286274e-12
-5.866807040177945964e-12
-5.756561893832667920e-12
-5.643319145320901953e-12
-5.527744928457423157e-12
-5.410505377057006626e-12
-5.291767024573346134e-12
-5.172529071728604322e-12
-5.051792317800618548e-12
-4.929223695882001266e-12
-4.804656672519058702e-12
-4.679423515341341044e-12
-4.554190358163623387e-12
-4.427291866448967994e-12
-4.300060307826925055e-12
-4.171496481575331927e-12
-4.043931856045901441e-12
-3.914868429433226993e-12
-3.786471136635327639e-12
-3.658573444198509605e-12
-3.530509218307997799e-12
-3.402444992417485992e-12
-3.274880366888055505e-12
-3.148148408627093886e-12
-3.022748717995682455e-12
-2.898514761540127438e-12
-2.775113472353041288e-12
-2.652211783527036459e-12
-2.531141962691663139e-12
-2.411904009846921326e-12
-2.293998324631729702e-12
-2.176592239777619398e-12
-2.061517623275221922e-12
-1.949440608939312369e-12
-1.837696661510790364e-12
-1.729616450063531374e-12
-1.623701173514291440e-12
-1.520283898770458109e-12
-1.419697692739418926e-12
-1.322109088874867666e-12
-1.226185819547254141e-12
-1.135258553830453820e-12
-1.046662756465366328e-12
-9.613976281741543062e-13
-8.796297024105115270e-13
-7.991940442764189356e-13
-7.229217224846706813e-13
-6.499800697667978966e-13
-5.807021530301881285e-13
-5.159206395433102443e-13
-4.534705944081451889e-13
-3.960165528837933380e-13
-3.422262473407045036e-13
-2.916000774177973653e-13
-2.453037772909283376e-13
-2.033373469600974204e-13
-1.653677195179170667e-13
-1.313948949643872766e-13
-1.015854067532018234e-13
-7.610578833805448085e-14
-5.545564008002656919e-14
-3.830269434956790064e-14
-2.514655150775979564e-14
-1.698641227676489507e-14
-1.265654248072678456e-14
-1.382227665658319893e-14
-1.748601263784621551e-14
-2.581268532253488956e-14
-3.896882816434299457e-14
-5.595524044110788964e-14
-7.610578833805448085e-14
-1.020850071142831439e-13
-1.337263633161001053e-13
-1.673661209622423485e-13
-2.056688153118102491e-13
-2.486344463648038072e-13
-2.942646126768977410e-13
-3.445577156924173323e-13
-3.981814877818123932e-13
-4.568012634820206586e-13
-5.187517082561043935e-13
-5.841993555577573716e-13
-6.536438057480609132e-13
-7.245870570216084161e-13
-8.013589791744379909e-13
-8.811285034937554883e-13
-9.642286968869484554e-13
-1.050659559354016892e-12
-1.139255356719104384e-12
-1.231847956972842439e-12
-1.326605492124599550e-12
-1.424693696350232130e-12
-1.524280701659108672e-12
-1.628197576764023324e-12
-1.733446719498488164e-12
-1.841859997853134701e-12
-1.951272476929943878e-12
-2.064348691988016071e-12
-2.179090241583026000e-12
-2.295497125714973663e-12
-2.413902411291246608e-12
-2.533973031404457288e-12
-2.655708986054605703e-12
-2.777444940704754117e-12
-2.901512363706615361e-12
-3.026079387069557924e-12
-3.152644811876825770e-12
-3.278877169776706069e-12
-3.405775661491361461e-12
-3.533839887381873268e-12
-3.661571046364997528e-12
-3.790134872616590656e-12
-3.919031765775571330e-12
-4.047262525119776910e-12
-4.176325951732451358e-12
-4.303890577261881845e-12
-4.431621736245006105e-12
-4.557354493783805083e-12
-4.683420318229991608e-12
-4.807987341592934172e-12
-4.932720898409570509e-12
-5.054789919967106471e-12
-5.176359341163561112e-12
-5.296763028184159339e-12
-5.415501380667819831e-12
-5.531575197892379947e-12
-5.646649814394777422e-12
-5.759892562906543390e-12
-5.870637309612902754e-12
-5.979716721782324385e-12
-6.085631998331564319e-12
-6.189548873436478971e-12
-6.290301612921211927e-12
-6.388889417507925828e-12
-6.484313086474458032e-12
-6.577571820542971182e-12
-6.667832952444996408e-12
-6.754263814912064845e-12
-6.838696275934808000e-12
-6.918299266800431724e-12
-6.995237722406955072e-12
-7.068845508939602951e-12
-7.138789559490987813e-12
-7.205402940968497205e-12
-7.268685653372131128e-12
-7.327638495979726940e-12
-7.382761069152365963e-12
-7.434552973251129515e-12
-7.482348074461242504e-12
-7.525147172060542289e-12
-7.564116000224885283e-12
-7.598088824778415074e-12
-7.629064047165456941e-12
-7.654876732487991831e-12
-7.678024882551426344e-12
-7.696510095911435201e-12
-7.710665439475405947e-12
-7.720490913243338582e-12
-7.726319584122620654e-12
-7.726486117576314427e-12
-7.723488515409826505e-12
-7.715661443086219151e-12
-7.703171434059186140e-12
-7.686851155597196339e-12
-7.666034473885474654e-12
-7.641720589646183726e-12
-7.613742969425629781e-12
-7.580436278686875085e-12
-7.544798119596407560e-12
-7.503331289626657963e-12
-7.458533790583032896e-12
-7.409572955197063493e-12
-7.356948383829831073e-12
-7.299993942666560542e-12
-7.239042698614639448e-12
-7.174760785488842885e-12
-7.106315536020701984e-12
-7.034040017117604293e-12
-6.958933429501712453e-12
-6.880329639358251370e-12
-6.799061313955689911e-12
-6.713130051849702795e-12
-6.624534254484615303e-12
-6.532607788045652342e-12
-6.438849453616057872e-12
-6.341593916658894159e-12
-6.241507310988936297e-12
-6.138589636606184285e-12
-6.033340493871719445e-12
-5.925260282424460456e-12
-5.816847004069813920e-12
-5.703770789011741726e-12
-5.589195772870425571e-12
-5.472455821831090361e-12
-5.354217069708511190e-12
-5.234646049956381830e-12
-5.113742762574702283e-12
-4.991673741017166321e-12
-4.867273251107917531e-12
-4.743205828106056288e-12
-4.616806936752482216e-12
-4.491240712667377011e-12
-4.364342220952721618e-12
-4.236111461608516038e-12
-4.108546836079085551e-12
-3.979649942920104877e-12
-3.849587315585267788e-12
-3.722189223509531075e-12
-3.593292330350550401e-12
-3.464895037552651047e-12
-3.338662679652770748e-12
-3.211597654484421582e-12
-3.085198763130847510e-12
-2.960132139406823626e-12
-2.836231249858656156e-12
-2.712829960671570007e-12
-2.591260539475115365e-12
-2.469857651732354498e-12
-2.349620498165450044e-12
-2.232714013672421061e-12
-2.116806729901554718e-12
-2.003064381028707430e-12
-1.891653500507572971e-12
-1.782241021430763794e-12
-1.675493077613054993e-12
-1.570577001785977700e-12
-1.468658528125388329e-12
-1.370070723538674429e-12
-1.273647853849979583e-12
-1.179722985966691340e-12
-1.089461854064666113e-12
-1.001698723968047489e-12
-9.177658633063856541e-13
-8.361644709964366484e-13
-7.588929484825257532e-13
-6.847855615887965541e-13
-6.136757768615552777e-13
-5.460631946618832444e-13
-4.822808818971680012e-13
-4.223288385674095480e-13
-3.658739977652203379e-13
-3.149147609349256527e-13
-2.661204590026500227e-13
-2.223221606811875972e-13
-1.821875983409881883e-13
-1.465494392505206633e-13
-1.144084826876223815e-13
-8.676392937445598363e-14
-6.344924585732769629e-14
-4.496403249731883989e-14
-2.980948821118545311e-14
-2.015054789694659121e-14
-1.282307593442055804e-14
-1.015854067532018234e-14
-1.215694211964546412e-14
-1.848521336000885640e-14
-2.881028748902281222e-14
-4.363176486776865204e-14
-6.278311204255260236e-14
-8.643086246706843667e-14
-1.137423488728472876e-13
-1.458833054357455694e-13
-1.831867990631508292e-13
-2.238209617644315585e-13
-2.672861931785064371e-13
-3.159139616570882936e-13
-3.678723992095456197e-13
-4.234945727432659623e-13
-4.827804822582493216e-13
-5.467293284766583383e-13
-6.146749775837179186e-13
-6.851186284961841011e-13
-7.595590822973008471e-13
-8.374967386259868363e-13
-9.189315974822420685e-13
-1.004030192319760317e-12
-1.091626788962685168e-12
-1.182554054679485489e-12
-1.276478922562773732e-12
-1.373234859158856125e-12
-1.472821864467732667e-12
-1.575406471943097131e-12
-1.679156813594318010e-12
-1.786404357773108131e-12
-1.896316437210998629e-12
-2.007560784278439314e-12
-2.120803532790205281e-12
-2.236377749653684077e-12
-2.353450767600406834e-12
-2.473188320806229967e-12
-2.594258141641603288e-12
-2.716493696652833023e-12
-2.839228852025144079e-12
-2.963795875388086642e-12
-3.088862499112110527e-12
-3.215094857011990825e-12
-3.341826815272952445e-12
-3.469557974256076704e-12
-3.597289133239200964e-12
-3.725186825676018998e-12
-3.853750651927612125e-12
-3.982481011632899026e-12
-4.110878304430798380e-12
-4.238775996867616414e-12
-4.365507955128578033e-12
-4.491906846482152105e-12
-4.618139204382032403e-12
-4.744371562281912702e-12
-4.868772052191161492e-12
-4.991840274470860095e-12
-5.114075829482089830e-12
-5.235645250678544471e-12
-5.354550136615898737e-12
-5.472955422192171682e-12
-5.589195772870425571e-12
-5.702605054835885312e-12
-5.814515535718101091e-12
-5.923428414433828948e-12
-6.031175558973700390e-12
-6.135925101347083910e-12
-6.238343175368754601e-12
-6.337597113770243595e-12
-6.434686117273713535e-12
-6.529610185879164419e-12
-6.621703185771821154e-12
-6.709299782414746005e-12
-6.794731444159651801e-12
-6.877665104099150994e-12
-6.956435427696305851e-12
-7.031875082219585238e-12
-7.103151400400520288e-12
-7.170930516053886095e-12
-7.236378163355539073e-12
-7.296996340500072620e-12
-7.352451980580099189e-12
-7.405576152308412929e-12
-7.454536987694382333e-12
-7.500167154006476267e-12
-7.540634783254063223e-12
-7.577105609612999615e-12
-7.609746166536979217e-12
-7.639056054387083350e-12
-7.664202605894843146e-12
-7.684686220699177284e-12
-7.699840764985310670e-12
-7.711331573290181041e-12
-7.719325179067482168e-12
-7.723155448502438958e-12
-7.722988915048745184e-12
-7.718159444891625753e-12
-7.708333971123693118e-12
-7.694012094106028599e-12
-7.675693414199713516e-12
-7.652378730682585228e-12
-7.625566844637887698e-12
-7.593592421528683190e-12
-7.557787728984521891e-12
-7.518818900820178897e-12
-7.475853269767185338e-12
-7.429057369279234990e-12
-7.378098132448940305e-12
-7.322475958915219962e-12
-7.264022716668705471e-12
-7.201406138079846642e-12
-7.134792756602337249e-12
-7.064349105689871067e-12
-6.991074386064610735e-12
-6.913303263189618519e-12
-6.832701071601832155e-12
-6.748268610579089000e-12
-6.661837748112020563e-12
-6.570910482395220242e-12
-6.477651748326707093e-12
-6.382228079360174888e-12
-6.284306408588236081e-12
-6.183054068742421805e-12
-6.079303727091200926e-12
-5.972555783273492125e-12
-5.863476371104070495e-12
-5.752565090944017356e-12
-5.638156608256394975e-12
-5.522915458300303726e-12
-5.405842440353580969e-12
-5.287770221684695571e-12
-5.168032668478872438e-12
-5.046796314189805344e-12
-4.924394225724881835e-12
-4.800659869630408139e-12
-4.676092846267465575e-12
-4.549693954913891503e-12
-4.422628929745542337e-12
-4.294731237308724303e-12
-4.166500477964518723e-12
-4.037270517898150501e-12
-3.909206292007638694e-12
-3.780475932302351794e-12
-3.652744773319227534e-12
-3.524014413613940633e-12
-3.396449788084510146e-12
-3.269218229462467207e-12
-3.142153204294118041e-12
-3.016920047116400383e-12
-2.890854222670213858e-12
-2.766786799668352614e-12
-2.644218177749735332e-12
-2.523148356914362012e-12
-2.402911203347457558e-12
-2.284006317410103293e-12
-2.168265567092930723e-12
-2.053524017497920795e-12
-1.940447802439848601e-12
-1.830535723001958104e-12
-1.722122444647311568e-12
-1.616207168098071634e-12
-1.513122960261625849e-12
-1.411870620415811572e-12
-1.313449349282791445e-12
-1.218025680316259240e-12
-1.125100013155133638e-12
-1.036171148882658599e-12
-9.510725540451403504e-13
-8.679723606519473833e-13
-7.882028363326298859e-13
-7.119305145408816315e-13
-6.389888618230088468e-13
-5.697109450863990787e-13
-5.044298312384398741e-13
-4.431455202791312331e-13
-3.848588114863105147e-13
-3.305689055821403599e-13
-2.802758025666207686e-13
-2.338129689860579674e-13
-1.931788062847772380e-13
-1.550426453889031109e-13
-1.204036870205982268e-13
-9.109379917049409414e-14
-6.628031457012184546e-14
-4.546363285840016033e-14
-2.764455331316639786e-14
-1.498801083243961330e-14
-6.328271240363392280e-15
-2.664535259100375697e-15
-3.164135620181696140e-15
