1.924765420418298121e-07
7.769035954663501287e-07
1.770061318564485281e-06
3.185240132524980336e-06
5.008907310276975605e-06
7.168811091884489143e-06
9.501982931352617970e-06
1.174121675415736424e-05
1.354395861900586843e-05
1.457494682631871502e-05
1.461912921738168653e-05
1.366691558368998611e-05
1.191818298494607374e-05
9.702362412730847213e-06
7.365324965774936312e-06
5.182624544491713884e-06
3.326079328306346181e-06
1.874573671590136654e-06
8.453423383890025631e-07
2.263416979274687201e-07
4.450162803449933584e-10
1.595534383564117443e-07
7.095500030013916307e-07
1.666824528688793117e-06
3.045829180552792860e-06
4.836604947084389724e-06
6.973391937742738510e-06
9.302003105838421780e-06
1.156370425953530812e-05
1.341963282426706173e-05
1.452919045275412385e-05
1.466245200109201283e-05
1.379050175647089055e-05
1.209751252699497204e-05
9.906513467886080083e-06
7.566392915470723226e-06
5.361088657672325675e-06
3.471503734116364879e-06
1.983417655419541056e-06
9.179535761395495112e-07
2.643953013120572737e-07
5.251723369244670421e-09
1.312168064363088026e-07
6.468643588518270375e-07
1.567900010567328574e-06
2.909545878485017452e-06
4.664977133428823317e-06
6.774586899294777124e-06
9.092999558976386207e-06
1.137065497927148051e-05
1.327384968001947210e-05
1.445848059488020302e-05
1.468107380791453670e-05
1.389340963778574414e-05
1.226262472269406962e-05
1.010341656286790411e-05
7.766097622014137101e-06
5.542218154014739703e-06
3.621750102574244545e-06
2.097776098318145114e-06
9.958303889335670727e-07
3.069885317713488491e-07
1.374699890323825519e-08
1.058410298722795457e-07
5.867053782502828369e-07
1.471468440333954478e-06
2.776160106704176300e-06
4.497034701099832873e-06
6.580469523236900311e-06
8.889637121149319903e-06
1.118388400696575773e-05
1.313452879403271436e-05
1.439402998935959768e-05
1.470555043373999546e-05
1.400169083479335448e-05
1.243252648456352161e-05
1.030433607616302988e-05
7.968846746969711058e-06
5.725331027590940214e-06
3.772995075394307547e-06
2.212363922319781598e-06
1.073458509877770419e-06
3.491652797609145481e-07
2.195640482835284124e-08
8.058641107958160389e-08
5.273246285069887045e-07
1.376679744735027757e-06
2.645405020326927728e-06
4.332679384031256156e-06
6.390634793825650196e-06
8.690741960995265647e-06
1.100111293188249738e-05
1.299820233415372771e-05
1.433142259893206716e-05
1.473104740119723710e-05
1.411075205296589940e-05
1.260344984790381166e-05
1.050669547992132275e-05
8.173381130454131116e-06
5.910442332295934696e-06
3.926411811150295802e-06
2.329392433056260418e-06
1.153988745729298570e-06
3.949249705164105452e-07
3.460237909480017177e-08
6.067281604307333033e-08
4.740292127765646406e-07
1.288237030272802710e-06
2.520321813384797397e-06
4.171841154285754629e-06
6.200178764856789913e-06
8.484929882139782928e-06
1.080350909088828909e-05
1.283899351223780576e-05
1.423992377230852081e-05
1.472565320026077260e-05
1.419163037442995399e-05
1.275262031156661779e-05
1.069537604270750485e-05
8.371874267737213626e-06
6.095411047647359394e-06
4.083462739228007288e-06
2.451959025491120613e-06
1.240600504507240552e-06
4.464716287211149118e-07
5.232290589031737400e-08
4.500068783932467934e-08
4.242129561925296765e-07
1.202688458867629397e-06
2.397756385908602304e-06
4.013309313432454767e-06
6.011871143412350908e-06
8.281024340341337959e-06
1.060741644986987417e-05
1.268085085262612000e-05
1.414928172215183550e-05
1.472143449523330387e-05
1.427456892020493666e-05
1.290498741197454388e-05
1.088816371169024076e-05
8.574817543154843814e-06
6.284550951409979609e-06
4.243955621781514310e-06
2.577035488335210791e-06
1.328796387810332079e-06
4.988146830657929649e-07
7.025596734454873345e-08
2.918907287072293741e-08
3.741493909422404127e-07
1.117033488594378045e-06
2.275463157329839009e-06
3.855621211100507186e-06
5.825079138884573298e-06
8.079280091859182550e-06
1.041400430559665805e-05
1.252578995600263087e-05
1.406214257038734357e-05
1.472131128908063135e-05
1.436234884684816634e-05
1.306285209671574515e-05
1.108671242352226013e-05
8.783258269900695413e-06
6.478513537531338024e-06
4.408454891376083654e-06
2.705433472252406761e-06
1.419941168090303873e-06
5.541139829597240325e-07
9.150602804506251802e-08
1.730881128903795511e-08
3.287160276559862894e-07
1.036538560668214823e-06
2.158331346001252911e-06
3.702103444291313996e-06
5.639978608451519074e-06
7.874931158995198842e-06
1.021202835799731445e-05
1.235547224420119851e-05
1.395398457211448421e-05
1.469714333572667341e-05
1.442680986160997952e-05
1.320151303939756859e-05
1.127207424247057465e-05
8.984673956739216348e-06
6.670502772860876237e-06
4.574428382091179312e-06
2.837246083713325942e-06
1.515316438232082410e-06
6.137679083509252250e-07
1.169101058765032912e-07
9.327641864446398410e-09
2.870528854974085601e-07
9.599113044820767743e-07
2.045408259145776839e-06
3.553297094988910306e-06
5.460060270968629308e-06
7.675925797339589848e-06
1.001499149753808679e-05
1.218905785656722188e-05
1.384831302311311654e-05
1.467415295322955859e-05
1.449168351722082733e-05
1.334046931678335352e-05
1.145802135887170533e-05
9.187022263459737571e-06
6.863604003415296058e-06
4.741490072547157693e-06
2.970004458922768933e-06
1.611486226917193699e-06
6.741374366433309368e-07
1.430638816181240749e-07
2.251135556508470857e-09
2.465529165279388912e-07
8.847653362803380706e-07
1.934262803298431426e-06
3.406412126349107439e-06
5.281880412705186988e-06
7.477985149595953363e-06
9.817816891972925563e-06
1.202100133678097068e-05
1.373971638797223900e-05
1.464779181277535799e-05
1.455390685546805822e-05
1.347845181689954594e-05
1.164500741794609388e-05
9.392125868036395802e-06
7.060553075708467603e-06
4.912889559824596669e-06
3.107208290523354003e-06
1.712075264304943866e-06
7.389429224198748504e-07
1.737885618408934582e-07
-2.440202844859293416e-11
2.110627388743321223e-07
8.146023291180976545e-07
1.827516237582430658e-06
3.262366385032337837e-06
5.103562045807446016e-06
7.275226805544267759e-06
9.609617920802933941e-06
1.183510714121055370e-05
1.360752886182999756e-05
1.459501263589296777e-05
1.459092915008296984e-05
1.359616885357185305e-05
1.181877215566636096e-05
9.591157455839054006e-06
7.257192233114573743e-06
5.087739424023696889e-06
3.249726525720698371e-06
1.818415141794997175e-06
8.090464568292740185e-07
2.089282528906053187e-07
1.144312175369452178e-09
1.782012386102697272e-07
7.465782486868027451e-07
1.722857199820607121e-06
3.120841405185871639e-06
4.928636448081951066e-06
7.077012341451334672e-06
9.407139173903873741e-06
1.165587271140369196e-05
1.348255146083976878e-05
1.454961151123775404e-05
1.463519754452562848e-05
1.372072744372761264e-05
1.199865122871167083e-05
9.795231089977047691e-06
7.457554058114984268e-06
5.264944098717673086e-06
3.393390564440615166e-06
1.924992512488821590e-06
8.788387364680070587e-07
2.435663758430296933e-07
1.950895363931332988e-09
1.454120584212308651e-07
6.793183628540482973e-07
1.619856107666708593e-06
2.981968566821626723e-06
4.757284293525342382e-06
6.882979343730847266e-06
9.208900020036148515e-06
1.148029345128249319e-05
1.336018399422204859e-05
1.450574606897634747e-05
1.468034103942588835e-05
1.384608193940548071e-05
1.217965413995200004e-05
1.000084783357317979e-05
7.659760735843980552e-06
5.444166486478090049e-06
3.539234638113778976e-06
2.034039684741107123e-06
9.516053016956033452e-07
2.819124216323087802e-07
7.369404483514562116e-09
1.181738100129123114e-07
6.183548212237937211e-07
1.523356311705855546e-06
2.848785161799499580e-06
4.589233554197399753e-06
6.687805018772024728e-06
9.002938549938274270e-06
1.128896521225769733e-05
1.321423639552152966e-05
1.443286939850766546e-05
1.469523424638717565e-05
1.394452589215253917e-05
1.234043021441730365e-05
1.019414995730761971e-05
7.856862166893088968e-06
5.623690848499572289e-06
3.688749562268218852e-06
2.148396852274775010e-06
1.030100104791776382e-06
3.256751691560180034e-07
1.754876534507654257e-08
9.496562596044313592e-08
5.607867864962776845e-07
1.429803648809198689e-06
2.718300603217269509e-06
4.423769390035244224e-06
6.495110236654932803e-06
8.799210988395976058e-06
1.109943494314621165e-05
1.306960191449143427e-05
1.436108433760853035e-05
1.471153712923804844e-05
1.404522502650090537e-05
1.250448850791099517e-05
1.039148930852224930e-05
8.058203306555094693e-06
5.807101575767805034e-06
3.841428402199343786e-06
2.265057979762689492e-06
1.110082446247347627e-06
3.702576620208526515e-07
2.807391519622564093e-08
7.183416477806063516e-08
5.032257435908722937e-07
1.336368917578141740e-06
2.588184895079435174e-06
4.258989607088511872e-06
6.303371918206582507e-06
8.596568018034606186e-06
1.091096377171771494e-05
1.292600267269425271e-05
1.429059290905312128e-05
1.472988142541395183e-05
1.414911795998072462e-05
1.267291615130325142e-05
1.059396724497027698e-05
8.264841309535135802e-06
5.995450144482903663e-06
3.998440060491671036e-06
2.385484205182301452e-06
1.193493948852099425e-06
4.182472813583762120e-07
4.228365472648886176e-08
5.287152241228832901e-08
4.503557244289632305e-07
1.247926242793169968e-06
2.462775269065359946e-06
4.097584518082416636e-06
6.112175317958403210e-06
8.389898767664825361e-06
1.071247150543660292e-05
1.276604517067595897e-05
1.419876945642446818e-05
1.472491734764195586e-05
1.423139665198335490e-05
1.282440827011282915e-05
1.078556553014273418e-05
8.466383784347265292e-06
6.183176323550979817e-06
4.157689552800026243e-06
2.509601292737280454e-06
1.281058069878336262e-06
4.702838775673200445e-07
6.021233011910748614e-08
3.732926251709859973e-08
4.008082108535771955e-07
1.163008694287857487e-06
2.341415127525127886e-06
3.940995199139965518e-06
5.926603597540930867e-06
8.189412490645982148e-06
1.052018507661002906e-05
1.261167298112358721e-05
1.411144951922200550e-05
1.472330767803843691e-05
1.431616170441493204e-05
1.297788776510581925e-05
1.097887080321604518e-05
8.669376324767973053e-06
6.372033427344065167e-06
4.317725521589953269e-06
2.634223763961257912e-06
1.368984525998920378e-06
5.227131059038749863e-07
7.873693250076365865e-08
2.273412281497371912e-08
3.526609118679093500e-07
1.079971724427736136e-06
2.222323889705572975e-06
3.786795208005351854e-06
5.743058343509555004e-06
7.989929205258502914e-06
1.032722473170241395e-05
1.245463562042395458e-05
1.401982187866978533e-05
1.471680153276748164e-05
1.439681228913934874e-05
1.312911221598780829e-05
1.117215769433532637e-05
8.874296277656366509e-06
6.564141490355093913e-06
4.481734037726468313e-06
2.763149181922335298e-06
1.461387612756233191e-06
5.798005366147888770e-07
1.021751909731431575e-07
1.334898671255869779e-08
3.099292331527483037e-07
1.002226918373732892e-06
2.107719788369441416e-06
3.635150724919524061e-06
5.558570576849308516e-06
7.784223772477639539e-06
1.012131376126024095e-05
1.227761238653267088e-05
1.390270682252783480e-05
1.468269114212837917e-05
1.445199952856614397e-05
1.326060617459537722e-05
1.135320050122658640e-05
9.074189242589689115e-06
6.756804892077390652e-06
4.649783703180919252e-06
2.897714080770908034e-06
1.559652818441091797e-06
6.421394721250334932e-07
1.298688345412902273e-07
7.168088309470514169e-09
2.695314786536977499e-07
9.262957985656699171e-07
1.994874202230730893e-06
3.485724892242663523e-06
5.377235198688537775e-06
7.582924126597332208e-06
9.921137850586602981e-06
1.210747850048188896e-05
1.379330236971828156e-05
1.465673963653998435e-05
1.451541818737583867e-05
1.339997945853565458e-05
1.154128417579913897e-05
9.279834399239582870e-06
6.953662892480501971e-06
4.820460652663276604e-06
3.033558973338580027e-06
1.658207703613717036e-06
7.041781755506615126e-07
1.570562791591338333e-07
6.184196790424876128e-10
2.292015498319049075e-07
8.511207529749387229e-07
1.883656111132961510e-06
3.338863506209769285e-06
5.199279065966912783e-06
7.385456486918873806e-06
9.724680335647144781e-06
1.194035913534269487e-05
1.368587659273299046e-05
1.463185762666265067e-05
1.457950739832551462e-05
1.354019145112910559e-05
1.173068425487129285e-05
9.487257168956588451e-06
7.152576756491868531e-06
4.993326111125175026e-06
3.171725837090973112e-06
1.759363687724528405e-06
7.693256921908443687e-07
1.880955658454335399e-07
-1.168466652257995415e-09
1.945672179548001195e-07
7.823525718863679099e-07
1.778968596488752241e-06
3.197574516144184895e-06
5.024294370007347187e-06
7.186278002538009656e-06
9.519767869683981769e-06
1.175682228391855670e-05
1.355461022819945767e-05
1.457841886288056620e-05
1.461458578715597944e-05
1.365526767814279811e-05
1.190171983618016504e-05
9.683898521722381647e-06
7.347366057177678883e-06
5.166910096874372438e-06
3.313538984894356338e-06
1.865530983825071522e-06
8.397811695318527007e-07
2.241255880702956273e-07
1.453488375480096880e-09
1.637368763433389347e-07
7.169120102647703405e-07
1.677334216314242493e-06
3.059261310605098023e-06
4.852318039637268635e-06
6.990096312479425268e-06
9.317640895104341924e-06
1.157561895821289678e-05
1.342515313262598069e-05
1.452651985634622788e-05
1.465144553286118985e-05
1.377283116677662276e-05
1.207606567677751260e-05
9.884387153327457067e-06
7.546042374162217842e-06
5.343963417509475664e-06
3.458134604814778497e-06
1.973729645934992781e-06
9.115993072871352863e-07
2.610072599433344944e-07
4.596003104161306199e-09
1.332670281116220221e-07
6.518148395740587811e-07
1.576121026746864390e-06
2.921465025155237396e-06
4.680862466319341109e-06
6.794227878822692407e-06
9.115350243573430329e-06
1.139361314211363210e-05
1.329441896323424146e-05
1.447346173888350228e-05
1.468810083703234691e-05
1.389180390485581361e-05
1.225355822823186804e-05
1.008932692414143921e-05
7.749770999054910017e-06
5.526041857818538563e-06
3.607374005635471233e-06
2.086130682432361978e-06
9.873266588668861166e-07
3.017494443997839937e-07
1.179157446707169575e-08
1.071966889764042963e-07
5.914469939422221557e-07
1.479683857017958780e-06
2.787836475677985162e-06
4.511863458745628023e-06
6.597596728458858222e-06
8.907449484743340000e-06
1.119999746060272325e-05
1.314615707400273798e-05
1.439875425470609976e-05
1.470220333067142315e-05
1.399085471912545058e-05
1.241631120305059255e-05
1.028557643987728221e-05
7.950208598466538740e-06
5.708750273892988521e-06
3.759556418088777582e-06
2.202476149594390408e-06
1.067128273192797917e-06
3.462379047614062566e-07
2.227392066962549877e-08
8.406032506556422862e-08
5.339339577534278902e-07
1.386399747196663272e-06
2.658065423657894776e-06
4.347757307238770476e-06
6.407020734451409967e-06
8.706581059189817334e-06
1.101388855951029523e-05
1.300521249560851326e-05
1.433061269492989495e-05
1.472185271504920428e-05
1.409443878381762044e-05
1.258268613596868046e-05
1.048459685284025115e-05
8.152584622336294103e-06
5.892620543456592903e-06
3.912271117459090958e-06
2.318954274548411153e-06
1.146931265871995429e-06
3.908580451294854464e-07
3.324331619985217306e-08
6.193730458153359168e-08
4.780591839771231077e-07
1.295373300012591401e-06
2.531009763147403153e-06
4.186444643462100207e-06
6.218687324862296092e-06
8.506597888710638587e-06
1.082656800462773379e-05
1.286067560302609632e-05
1.425699834875885044e-05
