4.400031714932062791e-08
1.699515076573367130e-07
3.600362924358442796e-07
5.860888689447428024e-07
8.131856150012648514e-07
1.006464131287384969e-06
1.140824377277401771e-06
1.210190597737485919e-06
1.230135461382440115e-06
1.228785635869642667e-06
1.228549919171770973e-06
1.230493430426311051e-06
1.213574976033158989e-06
1.149376258968924182e-06
1.020706463956322717e-06
8.317353901851468585e-07
6.062431068689128655e-07
3.786613410624906212e-07
1.842290390529372405e-07
5.187858085673274769e-08
3.999544784946098161e-10
3.688341232439034435e-08
1.563218173143082640e-07
3.418797590291993043e-07
5.661812893248887734e-07
7.946624604943429070e-07
9.920931622023552915e-07
1.132111977634029429e-06
1.206748268570408921e-06
1.229885606989097478e-06
1.229228195610464818e-06
1.228451469900201841e-06
1.230766290726307503e-06
1.216623784302145983e-06
1.157450952337843634e-06
1.034497768033437640e-06
8.499951396540977514e-07
6.263231267652623684e-07
3.974049287617354400e-07
1.987428962785059831e-07
6.001024299877643516e-08
9.608393797659584397e-10
2.972571566012838701e-08
1.423483244320160084e-07
3.229963845705627491e-07
5.451286176128688072e-07
7.746171345609872378e-07
9.759650631735825229e-07
1.121639098079147540e-06
1.201788704344766312e-06
1.228498584223628048e-06
1.228844454982859439e-06
1.227592844473325600e-06
1.230089097994164296e-06
1.218439964694745289e-06
1.164129410400554217e-06
1.046969271755577225e-06
8.672399177212760753e-07
6.458264041421841006e-07
4.160359652034684173e-07
2.135573535520903785e-07
6.876666369238805565e-08
2.372237607175057411e-09
2.355050749272539030e-08
1.294037928060704853e-07
3.051114724985453847e-07
5.249795297962066479e-07
7.553415483811172235e-07
9.604791591242047310e-07
1.111745928039708519e-06
1.197455375527072163e-06
1.227883938886454812e-06
1.229405596061180774e-06
1.227787958920133441e-06
1.230477485690706743e-06
1.221284691457627031e-06
1.171830995783264748e-06
1.060536812338719974e-06
8.857234036001607766e-07
6.667405180546128990e-07
4.362393265001716692e-07
2.300706759301820506e-07
7.930373621320246951e-08
5.597755770156688159e-09
1.917004796317397969e-08
1.181738084603241331e-07
2.887918608550358249e-07
5.061777700679970066e-07
7.371472436091928301e-07
9.458087370088060139e-07
1.102468922976252646e-06
1.193653935473771552e-06
1.227816152541431146e-06
1.230535067736162428e-06
1.228467148970717352e-06
1.231120752645986346e-06
1.224080651943257444e-06
1.179227916269590592e-06
1.073676153586660509e-06
9.037946109005858268e-07
6.873480891289966860e-07
4.562661040075425083e-07
2.465066086878179963e-07
8.979382172282144423e-08
8.712535063563629428e-09
1.450348955922210491e-08
1.063616527118087079e-07
2.714799599155166760e-07
4.858950558168276848e-07
7.169816196933388208e-07
9.287917710680477809e-07
1.090708963862320622e-06
1.187531676946220067e-06
1.225809061075760663e-06
1.230104710648407555e-06
1.227719711628929529e-06
1.230132072427459375e-06
1.224832861423585711e-06
1.184215901656954101e-06
1.084287416533727769e-06
9.195146169561264717e-07
7.060008642204077730e-07
4.748290175376359042e-07
2.619542504090313082e-07
9.968674248560262715e-08
1.150630743491691756e-08
9.672340764620307260e-09
9.443086508042345593e-08
2.540026903936490747e-07
4.653349992886014633e-07
6.964040403098766869e-07
9.112661163430724569e-07
1.078449004592654989e-06
1.181065692473755126e-06
1.223737302932252540e-06
1.229909351410196253e-06
1.227404243306448823e-06
1.229618744337246239e-06
1.226013250227979541e-06
1.189614644258869343e-06
1.095404631052048367e-06
9.359494442709772828e-07
7.256341608519616426e-07
4.946283243154768235e-07
2.788392116798928301e-07
1.111452552184501335e-07
1.592225568010139846e-08
6.456603044633120206e-09
8.405358924799369498e-08
2.379681644744966502e-07
4.460660335172471074e-07
6.769421821904216352e-07
8.946898216783784293e-07
1.067025548610906463e-06
1.175410888403457575e-06
1.222528574563271872e-06
1.230637525100376986e-06
1.227994189208281724e-06
1.229882228557214465e-06
1.227790308848601140e-06
1.195481536014994569e-06
1.106980319685070953e-06
9.529463342114898954e-07
7.459905630083424299e-07
5.153057903221445247e-07
2.967064923880113354e-07
1.236162358908825116e-07
2.129680050516876345e-08
4.055705177157016508e-09
7.425250338610888508e-08
2.221762254559190169e-07
4.266268369748893015e-07
6.568634645705368684e-07
8.770988782052339577e-07
1.054343993336084074e-06
1.168488419026770621e-06
1.220260886174121367e-06
1.230589854432852427e-06
1.227958816419232855e-06
1.229411895428962565e-06
1.228519559862469997e-06
1.199970110195074381e-06
1.117014759205615262e-06
9.684816012495100568e-07
7.651690982810654626e-07
5.351991917067251208e-07
3.142007492947020439e-07
1.360779201828134901e-07
2.694343658155332839e-08
2.110546799066113636e-09
6.498743720823935278e-08
2.068970233364771485e-07
4.075816227943309891e-07
6.369897648399402433e-07
8.595055033789972069e-07
1.041510185053831375e-06
1.161395167537765709e-06
1.217956684533647509e-06
1.230724596143203196e-06
1.228277760814142405e-06
1.229318445836357285e-06
1.229506680592423238e-06
1.204560632835464804e-06
1.127071542367698990e-06
9.840847546882369227e-07
7.845640229439377621e-07
5.555040011853250114e-07
3.322935751779858332e-07
1.492810574516415344e-07
3.341079906228422453e-08
9.926284502723176142e-10
5.647907042320918746e-08
1.922270509541216692e-07
3.889307810202254561e-07
6.172558208169718942e-07
8.418097058630152751e-07
1.028414426508733702e-06
1.154020930709791155e-06
1.215489932775904367e-06
1.230859784653930779e-06
1.228661461246964788e-06
1.229165103602062719e-06
1.230161738074862893e-06
1.208542856601638587e-06
1.136376229733411413e-06
9.989711323316430265e-07
8.034124784868037659e-07
5.754828616811796785e-07
3.502530402918513621e-07
1.624641387313605819e-07
3.986612984715750662e-08
-2.441791660098358758e-10
4.763039649244116335e-08
1.768912029998974700e-07
3.692118510425015190e-07
5.960299972255398465e-07
8.222648022168691884e-07
1.013286419394131494e-06
1.144686856472508851e-06
1.211379273050023908e-06
1.229766025784809655e-06
1.228108143315470583e-06
1.228089221060753558e-06
1.229664428209428032e-06
1.211093523680474131e-06
1.144130449580572478e-06
1.012444447890638855e-06
8.212049956911206338e-07
5.948756420472634434e-07
3.681017358293981063e-07
1.759462007096219589e-07
4.693339773788613285e-08
-6.569926973530000732e-10
3.972524075015693255e-08
1.625369880664442068e-07
3.504425391997166100e-07
5.756673574598850115e-07
8.034706393026316597e-07
9.988166192733499305e-07
1.135991819422770321e-06
1.207992720440857540e-06
1.229560954935013280e-06
1.228609827339342094e-06
1.228161224580297932e-06
1.230325534230403105e-06
1.214791556185593039e-06
1.153070838345417611e-06
1.027218983636822265e-06
8.404659894396923841e-07
6.159122289457230817e-07
3.877422326748985940e-07
1.913236742430313104e-07
5.595144886117742445e-08
8.880466278960537354e-10
3.373372239568324253e-08
1.499936215927552592e-07
3.333155777341030927e-07
5.567156032225197469e-07
7.858172916176495413e-07
9.852301421171770299e-07
1.127999036638581037e-06
1.205241230565999882e-06
1.230005974665554174e-06
1.229758905442899519e-06
1.228760808949561751e-06
1.231263820886754361e-06
1.218472812457881567e-06
1.161773364735524005e-06
1.041672334603350177e-06
8.594503868435736718e-07
6.367892327229278966e-07
4.073499616292991797e-07
2.067558827201911637e-07
6.503910182260605233e-08
2.421961141295285730e-09
2.753817566812222563e-08
1.369329151409920309e-07
3.152467493437917009e-07
5.363269279331394666e-07
7.662452882348345138e-07
9.693779823432742375e-07
1.117646636546505107e-06
1.200328741504059713e-06
1.228673670110384886e-06
1.229463599030543404e-06
1.227973064693484351e-06
1.230547348708678089e-06
1.220072818407539788e-06
1.168060541594851329e-06
1.053639997584124395e-06
8.761639913719804516e-07
6.558063849071643517e-07
4.255822182117517539e-07
2.212694770408278392e-07
7.357667072121261362e-08
3.660155391333314069e-09
2.118363977054073735e-08
1.237411795622395165e-07
2.969836719883286625e-07
5.156188260839646659e-07
7.462135643540272877e-07
9.529760755906945761e-07
1.106772846808848177e-06
1.195074700293169878e-06
1.227288642765748460e-06
1.229397044405477115e-06
1.227569016557484426e-06
1.230213974214190246e-06
1.221983476896159479e-06
1.174637257001440265e-06
1.065998057655567591e-06
8.934785774265045979e-07
6.756824345662284634e-07
4.449133270151097211e-07
2.370622872338850843e-07
8.349876271831634723e-08
6.314390797482310364e-09
1.621052231262282938e-08
1.118381877445578180e-07
2.798668980888327404e-07
4.958781954087180481e-07
7.269599348762199206e-07
9.371942691076090417e-07
1.096440500808273306e-06
1.190387476595502659e-06
1.226567185917060453e-06
1.230071447999207244e-06
1.227873394397565263e-06
1.230434984451787218e-06
1.224258080858089959e-06
1.181465199806853627e-06
1.078631913281219143e-06
9.112106075203683348e-07
6.961681271233451509e-07
4.650292522382543428e-07
2.537532634795858033e-07
9.434911941505984380e-08
9.835847966248937299e-09
1.194916924039538606e-08
1.003957108324880165e-07
2.628688997728683310e-07
4.758471539766714573e-07
7.069927872781162321e-07
9.203497494811894071e-07
1.084871456045098774e-06
1.184525469109286528e-06
1.224924124454501962e-06
1.230104991839378188e-06
1.227649388009797751e-06
1.229985981124992149e-06
1.225559169765321347e-06
1.187049313157169162e-06
1.089942851817376044e-06
9.277734084686671711e-07
7.158130357344182758e-07
4.847118352641004689e-07
2.704135847341918285e-07
1.055136763147595247e-07
1.393261754821837482e-08
8.430521566198077442e-09
8.976623464597341128e-08
2.466571272817398016e-07
4.564859817183159274e-07
6.875142450460629090e-07
9.037985461940965937e-07
1.073459483005540716e-06
1.178809273804684597e-06
1.223550933007102389e-06
1.230593767472599137e-06
1.228005808433212496e-06
1.230104383569830617e-06
1.227303433928333867e-06
1.192942906842369230e-06
1.101512215551166995e-06
9.446541380741850586e-07
7.359158436575468030e-07
5.050208067140855318e-07
2.878522572588869993e-07
1.175632724790476883e-07
1.895998519735456816e-08
5.817515656738136183e-09
7.994056096258762341e-08
2.310688904202215823e-07
4.375000838242121625e-07
6.681270177703749501e-07
8.870785936501450136e-07
1.061718138043826625e-06
1.172756380776847346e-06
1.221967435210048543e-06
1.231019153690526318e-06
1.228317161189443844e-06
1.229994550376695251e-06
1.228502959934653009e-06
1.197998919915963857e-06
1.112105017189697476e-06
9.606051613156819198e-07
7.552671200638529909e-07
5.248001246091288820e-07
3.049499253532409891e-07
1.293773170373408051e-07
2.374810746070212627e-08
2.842104268933500872e-09
6.951021990874165862e-08
2.145276337030586205e-07
4.171407631470697517e-07
6.469394244202849071e-07
8.682240871536061733e-07
1.047712639591231479e-06
1.164583985966332740e-06
1.218641372989021305e-06
1.230133892060808285e-06
1.227574191678912984e-06
1.228785343120515505e-06
1.228334528268332258e-06
1.201414686541882936e-06
1.120982488008526388e-06
9.750325290289534178e-07
7.734944495939664672e-07
5.439477697599026423e-07
3.218955957546655918e-07
1.414416408806088515e-07
2.908612126593724548e-08
6.137006735197255197e-10
5.993275780789264335e-08
1.988674086753681160e-07
3.976270328839611762e-07
6.265178001045169187e-07
8.500438757421346216e-07
1.034324510060499714e-06
1.157054117181515567e-06
1.216081545812424624e-06
1.230196796033530556e-06
1.227938833919297852e-06
1.228761823997212837e-06
1.229362622490434380e-06
1.206040786567942484e-06
1.131148191959424336e-06
9.908982744669734970e-07
7.933462792224188299e-07
5.648958801782122046e-07
3.407766085541683301e-07
1.555239565661500285e-07
3.647323439774016940e-08
4.165414680767371685e-10
5.231816756369724605e-08
1.850451425397182627e-07
3.797648393172742274e-07
6.075062191242051138e-07
8.330060530217854178e-07
1.021838534491410531e-06
1.150272821025466263e-06
1.214226813275200496e-06
1.230983031691424854e-06
1.229002525538205960e-06
1.229288213839287196e-06
1.230679785515618568e-06
1.210683584162364850e-06
1.141153521831643879e-06
1.006566042485579301e-06
8.130764771951249491e-07
5.858527984292755104e-07
3.597919409325462874e-07
1.698179631649836122e-07
4.407264498728507227e-08
3.352646843439395567e-10
4.461091264647735642e-08
1.708029502937559774e-07
3.610491267862399894e-07
5.871472048244638425e-07
8.141563988808431036e-07
1.007229074233428810e-06
1.141318259200641819e-06
1.210427344318851333e-06
1.230197939083451730e-06
1.228771614963304884e-06
1.228503069823394148e-06
1.230370888781380658e-06
1.213278676481896351e-06
1.148822227881925164e-06
1.019880189636874539e-06
8.307030429064861541e-07
6.051254731612856701e-07
3.775948954971681625e-07
1.833333940584809458e-07
5.123691634496627488e-08
5.042133625291221169e-11
3.681713992535333193e-08
1.564847160738795273e-07
3.421782853369338610e-07
5.664950335844490067e-07
7.948671878771315052e-07
9.920945289974844738e-07
1.131881030142031675e-06
1.206338251077870647e-06
1.229407747258361012e-06
1.228785630004309449e-06
1.228068660652995454e-06
1.230368252659158218e-06
1.216085212853199587e-06
1.156677866929336856e-06
1.033483645724890374e-06
8.488244108808593763e-07
6.251362978250916297e-07
3.963548747323941027e-07
1.979623294650818479e-07
5.959495860959730878e-08
9.641377671026505307e-10
3.015754063375398527e-08
1.431748273269465031e-07
3.241392076413563257e-07
5.464670107288468129e-07
7.759991150375725083e-07
9.772341042456105249e-07
1.122676597017904353e-06
1.202558170842731948e-06
1.229062519098127180e-06
1.229328386368444170e-06
1.228105569469285181e-06
1.230651016746654571e-06
1.218973713287270521e-06
1.164516666605332020e-06
1.047126166484140894e-06
8.671609737875408734e-07
6.455825648204762123e-07
4.157435655812078073e-07
2.133414471893754023e-07
6.873264700286085452e-08
2.588788466495149014e-09
2.404120695521296399e-08
1.301441681142597728e-07
3.060303454197654698e-07
5.259664814665580135e-07
7.562643220938884455e-07
9.612136082033052991e-07
1.112214220032031226e-06
1.197656242485602366e-06
1.227890716106376878e-06
1.229319144501039064e-06
1.227665899267578536e-06
1.230290515431459634e-06
1.220936519417691056e-06
1.171226070855676307e-06
1.059643777072487036e-06
8.845958210799763757e-07
6.654952500403101373e-07
4.350166507140272922e-07
2.289984459388247660e-07
7.847491392403862657e-08
5.060315640465140379e-09
1.892462137881521048e-08
1.181754900858344825e-07
2.889554964039541236e-07
5.063889548375422484e-07
7.372826061823063969e-07
9.457669152859806209e-07
1.102205953353011468e-06
1.193205455541703463e-06
1.227283519224749521e-06
1.230027764033113058e-06
1.228029776599519279e-06
1.230698107263728940e-06
1.223552254087134959e-06
1.178486747588840489e-06
1.072693801717561608e-06
9.026362764388002622e-07
6.861438986302509384e-07
4.551674498278851086e-07
2.456507175412391107e-07
8.928419120761727668e-08
8.611914583677558173e-09
1.483278143683182416e-08
1.070996877520791003e-07
2.725624613127533438e-07
4.872148932614092910e-07
7.183959095299810608e-07
9.301428643553503881e-07
1.091862493581213972e-06
1.188422688327503655e-06
1.226470799000125662e-06
1.230650242695191336e-06
