4.657764544491874516e-13
1.377835756179874317e-12
1.781163663773281732e-12
1.330050542149346579e-13
-5.441476556552119019e-12
-1.654593225021663695e-11
-3.348432429075620062e-11
-5.410718059578678344e-11
-7.343586839664039309e-11
-8.508269489504130429e-11
-8.436902186094638252e-11
-7.113476020186346245e-11
-4.987448019342927734e-11
-2.706885741501144712e-11
-7.978233135320750082e-12
4.975355082507043622e-12
1.194613099783399433e-11
1.452342737911949894e-11
1.466005513909126049e-11
1.401762865154727036e-11
1.368295964353563106e-11
1.408628755112903928e-11
1.498885881397279804e-11
1.548982726720258931e-11
1.409111782547147497e-11
8.928934631790924876e-12
-1.659026726828828255e-12
-1.813578254806986285e-11
-3.860061987818360925e-11
-5.829140574492198859e-11
-7.083476566323860465e-11
-7.127018039324961548e-11
-5.899472819114025300e-11
-3.817624577524101915e-11
-1.526211433391632114e-11
4.288076047497575671e-12
1.779507569713018096e-11
2.523162806690631891e-11
2.811133412398790644e-11
2.838648725170881759e-11
2.775906911658596513e-11
2.737092207121164350e-11
2.771076637316160502e-11
2.859677669540272783e-11
2.918365502800870350e-11
2.801990393107751167e-11
2.325690840983970879e-11
1.318095613151817373e-11
-2.822432804164131935e-12
-2.309164402340921803e-11
-4.309588019301209940e-11
-5.649644129731317144e-11
-5.807697606607741088e-11
-4.679224763356126290e-11
-2.646524563200488980e-11
-3.484697918471699056e-12
1.650521993790181933e-11
3.056752862711662102e-11
3.848193313719804109e-11
4.167819467350713046e-11
4.210481140382299675e-11
4.150137213061438028e-11
4.106423230262392224e-11
4.133835037155716894e-11
4.220089936127788798e-11
4.286281945598956171e-11
4.192005341022481916e-11
3.754278979719012088e-11
2.797470636401614489e-11
1.245814007813221280e-11
-7.582323149038940274e-12
-2.784877421151691916e-11
-4.206634171888145209e-11
-4.478302601690582182e-11
-3.451938307842106476e-11
-1.473492439139901769e-11
8.269429674250463343e-12
2.867751128084058678e-11
4.329323140186020409e-11
5.169790875769887639e-11
5.522607914525249987e-11
5.581744273260501824e-11
5.524643530140990706e-11
5.476375288676219410e-11
5.497214472267871952e-11
5.580588457614276205e-11
5.653284086467938722e-11
5.579674155685172289e-11
5.179209910737637311e-11
4.272394906864452719e-11
2.770352096164795068e-11
7.925272627351896742e-12
-1.255509058457682117e-11
-2.754636453572083786e-11
-3.138729518694719032e-11
-2.217285683955871147e-11
-2.979071700697414553e-12
2.000406365980493730e-11
4.080529509590976697e-11
5.597270155075474948e-11
6.487782983042938406e-11
6.875291742164867932e-11
6.952127606169188872e-11
6.899270604079103914e-11
6.846913880403055801e-11
6.861094185794064502e-11
6.941000724201791897e-11
7.019095909731106193e-11
6.964841578277672620e-11
6.600138614443959372e-11
5.742626910823210520e-11
4.291094968961598097e-11
2.342527797263319288e-11
2.778615315486319768e-12
-1.294220257116347997e-11
-1.789288875256450970e-11
-9.750426289600936532e-12
8.804382557675253353e-12
3.172058411657527702e-11
5.289029648108879420e-11
6.860386895622493475e-11
7.801859117902657077e-11
8.225525930673678734e-11
8.321613888128567381e-11
8.273966681936394105e-11
8.218039005442903983e-11
8.225456926754501105e-11
8.301430241769102320e-11
8.383958929105580934e-11
8.347662867618132251e-11
8.017341106514686202e-11
7.208408161995008627e-11
5.807956371304657522e-11
3.891596778882550580e-11
1.814941082210745116e-11
1.745799155194732422e-12
-4.296011498203006307e-12
2.752566335996754090e-12
2.061975112866758626e-11
4.342123367193475871e-11
6.493113535799411909e-11
8.118707863786665453e-11
9.112122786227810097e-11
9.573482989849627759e-11
9.690134115219457784e-11
9.648697261753273757e-11
9.589664408896789011e-11
9.590526957886508734e-11
9.662049520114150902e-11
9.748131909288278086e-11
9.728500294282235354e-11
9.431196908505298643e-11
8.669807664299025961e-11
7.321022558092945380e-11
5.439423689956583892e-11
3.355453577851946782e-11
1.651470797678874663e-11
9.403681595733207205e-12
1.534008876258707491e-11
3.247376189439940791e-11
5.511256769820524747e-11
7.693333204015996493e-11
9.372284812507373133e-11
1.041850498409921984e-10
1.091888690401600320e-10
1.105744677372473902e-10
1.102335883765097707e-10
1.096184184370409507e-10
1.095611451841234923e-10
1.102280680629755474e-10
1.111151134440043314e-10
1.110723310141141882e-10
1.084143000473908230e-10
1.012668740989690662e-10
8.829810501892218910e-11
6.985491001091586357e-11
4.898639975361282888e-11
3.135848605069052026e-11
2.320274033328524693e-11
2.801231349996796919e-11
4.436865748224399448e-11
6.679562125417442068e-11
8.889447139041510178e-11
1.062092798100687836e-10
1.172064344094120342e-10
1.226154791239506559e-10
1.242351736168482293e-10
1.239776164885176331e-10
1.233438154908708402e-10
1.232221960833202131e-10
1.238370210031931384e-10
1.247411448542183955e-10
1.248391304194506812e-10
1.224821290501398447e-10
1.157880588507152954e-10
1.033411319094494522e-10
8.529350186812904675e-11
6.444086251223687333e-11
4.627333816134528147e-11
3.710116471445311691e-11
4.077286325389626167e-11
5.630702553917050063e-11
7.847315449660938352e-11
1.008162785067389639e-10
1.186455111438620877e-10
1.301840014891540687e-10
1.360120725028990175e-10
1.378803536146340823e-10
1.377178493849707193e-10
1.370719727014678477e-10
1.368877322372634862e-10
1.374468364924004659e-10
1.383609659117064857e-10
1.385855736686297412e-10
1.365151110737041312e-10
1.302650810941878287e-10
1.183406863308947829e-10
1.007082873732259412e-10
7.991292127025121332e-11
6.125546909319825093e-11
5.109584956287381251e-11
5.362225555376579428e-11
6.829507641790491948e-11
9.014879013126696477e-11
1.127015135458986823e-10
1.310320596558474855e-10
1.431167160214306311e-10
1.493776141182174328e-10
1.515094902012111461e-10
1.514534245168793059e-10
1.508030625786298819e-10
1.505586161949430224e-10
1.510592396285769255e-10
1.519747491262664979e-10
1.523159735066000120e-10
1.505173863532343919e-10
1.446993209077702058e-10
1.332953882048746413e-10
1.160992665262065341e-10
9.540154096886819735e-11
7.630367127766384274e-11
6.519093511369800441e-11
6.656825334048404711e-11
8.033971051036502692e-11
1.018323612166299799e-10
1.245565593704181652e-10
1.433737556203674112e-10
1.560090632609882478e-10
1.627169342442483231e-10
1.651274136509218419e-10
1.651903797271714450e-10
1.645427779456891262e-10
1.642400232502971632e-10
1.646797507252567792e-10
1.655888773604224305e-10
1.660353327175018621e-10
1.644941301826688909e-10
1.590956085658048738e-10
1.482102403155293961e-10
1.314650592486872858e-10
1.109046514905124836e-10
9.141673714615641931e-11
7.938538630813802173e-11
7.961223669243456630e-11
9.244472303210556673e-11
1.135240402624963633e-10
1.363802084117118201e-10
1.556676663708567864e-10
1.688555228942927344e-10
1.760215799008924512e-10
1.787254984738689594e-10
1.789195719965561105e-10
1.782826658225463437e-10
1.779250530114081200e-10
1.783021594297140273e-10
1.791981753202359161e-10
1.797365783996195811e-10
1.784391322092816802e-10
1.734470436763740437e-10
1.630767896827598101e-10
1.467984201291545256e-10
1.264125922864992039e-10
1.065829360324157965e-10
9.367178522488225957e-11
9.275075541365848974e-11
1.046116665713080776e-10
1.252288300530064833e-10
1.481757383559405813e-10
1.679146544563053734e-10
1.816571299801317229e-10
1.892951737939066330e-10
1.923065048268196040e-10
1.926441065013962764e-10
1.920256588757665352e-10
1.916164656350430236e-10
1.919290533889178020e-10
1.928054031624740599e-10
1.934255758860832483e-10
1.923561876486274973e-10
1.877581114942243196e-10
1.778981414829288315e-10
1.621002117165980032e-10
1.419239832784448057e-10
1.218031304854316851e-10
1.080506493933245728e-10
1.059884672687002784e-10
1.168446813631231785e-10
1.369481106665439315e-10
1.599443567716900540e-10
1.801142023473193046e-10
1.944107793421422654e-10
2.025311605509689745e-10
2.058661199648251704e-10
2.063605330457330740e-10
2.057696869877743846e-10
2.053127085330203483e-10
2.055593975440804711e-10
2.064102158675409931e-10
2.071012901181052315e-10
2.062477116378776043e-10
2.020295020585474133e-10
1.926739506964406173e-10
1.773666387954629294e-10
1.574339941920068808e-10
1.370709376426801639e-10
1.225202537154855012e-10
1.193269248457414579e-10
1.291489427014892110e-10
1.486899900636120630e-10
1.716912389528985539e-10
1.922685526712718948e-10
2.071181960783037572e-10
2.157333353876342903e-10
2.194067590250568693e-10
2.200716117863336085e-10
2.195175103153370230e-10
2.190168868817031199e-10
2.191969871107567978e-10
2.200169261803853208e-10
2.207671712916443992e-10
2.201143942162237647e-10
2.162629404673227979e-10
2.074045623428910364e-10
1.925970113265575409e-10
1.729393473410244303e-10
1.523822172690105623e-10
1.370762854464164528e-10
1.327642305370046339e-10
1.415279007823650567e-10
1.604567108715841670e-10
1.834167299191620017e-10
2.043773604085671977e-10
2.197766200318491191e-10
2.288963505001662658e-10
2.329225566743846474e-10
2.337709598606739330e-10
2.332630910155263723e-10
2.327238253871529708e-10
2.328366467950084404e-10
2.336198412776748854e-10
2.344213217989233312e-10
2.339558903640700321e-10
2.304563566029751572e-10
2.220875612851088781e-10
2.077882241335188121e-10
1.884355574707509536e-10
1.677317940704845645e-10
1.517163294489461910e-10
1.463012468914795169e-10
1.539834532135281100e-10
1.722517232864190863e-10
1.951253149252268978e-10
2.164425231669826597e-10
2.323862237125762984e-10
2.420198608689690580e-10
2.464145479715961110e-10
2.474601298569355475e-10
2.470088442255136689e-10
2.464354216571473214e-10
2.464823443221881612e-10
2.472236189239541348e-10
2.480658117575174208e-10
2.477749602381836409e-10
2.446132006614633341e-10
2.367250176406694585e-10
2.229394146673570581e-10
2.039198644244193454e-10
1.831162178511433020e-10
1.664379705859035053e-10
1.599419416345188434e-10
1.665214653281084759e-10
1.840834802882161095e-10
2.068216517356377680e-10
2.284662835738915180e-10
2.449489047282626378e-10
2.551059366116179571e-10
2.598825604068933128e-10
2.611401568339061099e-10
2.607554599844907021e-10
2.601535732994635661e-10
2.601344247118917771e-10
2.608292941780108045e-10
2.617023662654060895e-10
2.615726388973520941e-10
2.587346802113729854e-10
2.513184839977542514e-10
2.380502379084763585e-10
2.193888180060706856e-10
1.985320384150278544e-10
1.812372411319356852e-10
1.736816570015780877e-10
1.791426271652978920e-10
1.959524994063690785e-10
2.185074654483740593e-10
2.404495041782834834e-10
2.574625929613328731e-10
2.681500924733663848e-10
2.733236613137112519e-10
2.748072455760308830e-10
2.744998331160944203e-10
2.738763827063242848e-10
2.737918529053316562e-10
2.744370395496427903e-10
2.753325379107708113e-10
2.753506514395549681e-10
2.728220028212896908e-10
2.658667527877777294e-10
2.531200038176849757e-10
2.348415556667152635e-10
2.139751155269875641e-10
1.961127610086591782e-10
1.875228081298284864e-10
1.918531490778223836e-10
2.078656810327957304e-10
2.301882763769699563e-10
2.523954626663195805e-10
2.699297035489582149e-10
2.811549161011836024e-10
2.867399208096252444e-10
2.884631211812892879e-10
2.882443787574961375e-10
2.876045399169213181e-10
2.874566990200831659e-10
2.880480626074356714e-10
2.889570167328033754e-10
2.891100329235798434e-10
2.868763760597990812e-10
2.803724116577089984e-10
2.681462972578116475e-10
2.502723845830209730e-10
2.294385487951047198e-10
2.110576298241562212e-10
2.014638424310885652e-10
2.046516509872983982e-10
2.198259578340611437e-10
2.418661546390008008e-10
2.643020889204243641e-10
2.823452337069981914e-10
2.941135071031517694e-10
3.001235759537278165e-10
3.021017458067532726e-10
3.019828865559698024e-10
3.013339046961039310e-10
3.011243052916017809e-10
3.016594306848244988e-10
3.025744226531202551e-10
3.028507833494267715e-10
3.008976274171031577e-10
2.948321829213870597e-10
2.831280831700687417e-10
2.656783720884227359e-10
2.449199230822080592e-10
2.260701224804473670e-10
2.155028622975809040e-10
2.175439982268560149e-10
2.318386776139015813e-10
2.535461030186070130e-10
2.761757658031217811e-10
2.947145312391891689e-10
3.070315583026030952e-10
3.134798020399572325e-10
3.157276047071694152e-10
3.157207043152516263e-10
3.150705148868001755e-10
3.148008820726134489e-10
3.152763190757475366e-10
3.161899309656597145e-10
3.165770429522463846e-10
3.148892070891608665e-10
3.092503793237606476e-10
2.980658790838500486e-10
2.810590006535266585e-10
2.604144081139551353e-10
2.411450636835943000e-10
2.296393501999116866e-10
2.305298457768993650e-10
2.439083256270635697e-10
2.652317442215453312e-10
2.880161482948160403e-10
3.070344909691681477e-10
3.199030318566094758e-10
3.268023887155875443e-10
3.293351775690034536e-10
3.294517941924137122e-10
3.288076426068902620e-10
3.284812540691799576e-10
3.288949325646499957e-10
3.297992289254731742e-10
3.302855340458777354e-10
3.288492174681947870e-10
3.236244132178605009e-10
3.129576148815803039e-10
2.964082324354047920e-10
2.759178636551953161e-10
2.562788307278401784e-10
2.438703734715158864e-10
2.436105737158120011e-10
2.560357644225368715e-10
2.769256658947849649e-10
2.998254790228803015e-10
3.193064929753186029e-10
3.327291353337565422e-10
3.400932335883961206e-10
3.429254994510430716e-10
3.431787438344250628e-10
3.425483930327371901e-10
3.421685264576641517e-10
3.425183763278948760e-10
3.434071468069031072e-10
3.439810869046632967e-10
3.427816262795576558e-10
3.379582523290394076e-10
3.278044981318450871e-10
3.117284825712282951e-10
2.914264944903738128e-10
2.714678009074281605e-10
2.581948970536057937e-10
2.567892872199568970e-10
2.682280669020371709e-10
2.886335608616581235e-10
3.116068631636776680e-10
3.315305372576406377e-10
3.455072810870751367e-10
3.533481964232323296e-10
3.564951201573294267e-10
3.568975855159330968e-10
3.562900060075738031e-10
3.558601115910970285e-10
3.561447527577048605e-10
3.570112694727783029e-10
3.576624939600174376e-10
3.566866060330474199e-10
3.522510341083075794e-10
3.426053212660587669e-10
3.270133681984732211e-10
3.069354703451482040e-10
2.867062813990261402e-10
2.726108508286060666e-10
2.700677113873135258e-10
2.804895458105130472e-10
3.003611219454968614e-10
3.233642684425607727e-10
3.437092114631033069e-10
3.582400567635344171e-10
3.665686572984797496e-10
3.700445572172562572e-10
3.706091817859274473e-10
3.700329990607939946e-10
3.695566995086702220e-10
3.697752694226654769e-10
3.706133220210781310e-10
3.713309627805257374e-10
3.705639842188660806e-10
3.665029310654630154e-10
3.573590492254336595e-10
3.422618542583519378e-10
3.224416860431554900e-10
3.019903044772813814e-10
2.871146120907599153e-10
2.834451561786900467e-10
2.928227887949337101e-10
3.121107642834724924e-10
3.350999374869028788e-10
3.558430331211005555e-10
3.709252197357611202e-10
3.797518560573711720e-10
3.835729480818339301e-10
3.843130151150143243e-10
3.837771996825998171e-10
3.832593252691715195e-10
3.834107888717664618e-10
3.842157195889738536e-10
3.849892535229553529e-10
3.844179010721643730e-10
3.807168758670707163e-10
3.720672345981513425e-10
3.574742857704603915e-10
3.379420364080326711e-10
3.173171099854267271e-10
3.017060083302694440e-10
