-7.940134164877790894e-10
-3.112890873312841746e-09
-6.772186441953634573e-09
-1.148088622951760316e-08
-1.686460942167424007e-08
-2.249543565621779888e-08
-2.792594342449448211e-08
-3.272477197149692144e-08
-3.651084690345049558e-08
-3.898359348475266712e-08
-3.994673746762947886e-08
-3.932383593320206455e-08
-3.716432887699340898e-08
-3.363962019843832618e-08
-2.902952292483009024e-08
-2.370010082793393181e-08
-1.807465793166889747e-08
-1.260015651404596579e-08
-7.711704078584402941e-09
-3.797948285697334569e-09
-1.170123312948334280e-09
-3.724574578476074868e-11
-4.894310150512275097e-10
-2.490709486850357179e-09
-5.881891302427957330e-09
-1.039327499046500054e-08
-1.566614709481029699e-08
-2.128136958491793563e-08
-2.679273042105223680e-08
-3.176241437565752698e-08
-3.579575673598889328e-08
-3.857253581325692420e-08
-3.987233786257819835e-08
-3.959200077920836699e-08
-3.775377281356825896e-08
-3.450355582218419306e-08
-3.009936068592595654e-08
-2.489088224966656749e-08
-1.929179079124567406e-08
-1.374692187016087275e-08
-8.696945860330207195e-09
-4.543327884641935281e-09
-1.616361807923334108e-09
-1.488454562842703844e-10
-2.575159053616409479e-10
-1.933728552298769719e-09
-5.044146769503188379e-09
-9.341388219962206190e-09
-1.448374814692186157e-08
-2.006243554763526297e-08
-2.563411130018756538e-08
-3.075613684163487702e-08
-3.502172429532792905e-08
-3.809219671675006601e-08
-3.972381855294658256e-08
-3.978708837823247673e-08
-3.827698333220847633e-08
-3.531336059316381456e-08
-3.113146923678724307e-08
-2.606333746069428633e-08
-2.051146274795175053e-08
-1.491689675104128127e-08
-9.724230671906475452e-09
-5.346245205721379933e-09
-2.131057980419549706e-09
-3.343821080695928651e-10
-9.913222458726019968e-11
-1.444022483537997093e-09
-4.262072743883267785e-09
-8.329141495376603117e-09
-1.332181303346487883e-08
-1.884316890135139934e-08
-2.445439624642531240e-08
-2.970968228092140242e-08
-3.419162997137892270e-08
-3.754436303460218442e-08
-3.950172883836015500e-08
-3.990836929268344456e-08
-3.873200981339828658e-08
-3.606601598876589992e-08
-3.212200549951920439e-08
-2.721310134652969801e-08
-2.172913198245697947e-08
-1.610572573572260771e-08
-1.078973219713497392e-08
-6.203709595202442352e-09
-2.712295542147792882e-09
-5.931620084151130610e-10
-1.486865228999737032e-11
-1.023419317410038605e-09
-3.538585360344870921e-09
-7.360312665272404196e-09
-1.218467637471958105e-08
-1.762811691800307645e-08
-2.325798248404714187e-08
-2.862695072085832994e-08
-3.330856498817419681e-08
-3.693107484946660399e-08
-3.920689771696700012e-08
-3.995539499518322766e-08
-3.911716073740849750e-08
-3.675872300428098344e-08
-3.306728048284999089e-08
-2.833589037983567715e-08
-2.294026232998616890e-08
-1.730897726869658459e-08
-1.188947932284059617e-08
-7.112523604198755629e-09
-3.357909808297039660e-09
-9.242248927181235650e-10
-5.047094206280583730e-12
-6.734948572156150937e-10
-2.876393554614752258e-09
-6.438519635087572723e-09
-1.107658332782866203e-08
-1.642181232924282432e-08
-2.204933428420078756e-08
-2.751197971564164816e-08
-3.237582352787975844e-08
-3.625461882298295554e-08
-3.884042499970850373e-08
-3.992799322375366563e-08
-3.943100429014169841e-08
-3.738890316264336588e-08
-3.396377463020841416e-08
-2.942752140162579720e-08
-2.414033681086134592e-08
-1.852216062357616642e-08
-1.301936361094184993e-08
-8.069293288038796470e-09
-4.065486485844078409e-09
-1.326332615388887256e-09
-6.969925623361247717e-11
-3.955490447523349173e-10
-2.277959683433355492e-09
-5.567196941120371041e-09
-1.000166151597082818e-08
-1.522874929458035042e-08
-2.083295105705414046e-08
-2.636891768913440824e-08
-3.139687001515584613e-08
-3.551750699119605120e-08
-3.840367000120945552e-08
-3.982625970193244658e-08
-3.967236634364833118e-08
-3.795420376508933098e-08
-3.480814387817571398e-08
-3.048392373816782145e-08
-2.532488267210233208e-08
-1.974075437781876708e-08
