-3.180719481593798279e-09
-1.246869962208378266e-08
-2.712205049073455887e-08
-4.597133459133612942e-08
-6.751408658552389862e-08
-9.003567031755535884e-08
-1.117464274197450071e-07
-1.309239194602356023e-07
-1.460489595718783937e-07
-1.559248946834509543e-07
-1.597710807658952716e-07
-1.572836513248235020e-07
-1.486591150700924014e-07
-1.345791001284463747e-07
-1.161573221938991055e-07
-9.485267300812373490e-08
-7.235479902702411023e-08
-5.045084476470539084e-08
-3.088360242558277675e-08
-1.521229797274431265e-08
-4.687310827549972290e-09
-1.492097711829631730e-10
-1.960622221574721684e-09
-9.976789955941334580e-09
-2.355732392082134648e-08
-4.161816514937280325e-08
-6.271927903294933044e-08
-8.518062135777737492e-08
-1.072166910657637213e-07
-1.270786387124314508e-07
-1.431925752658652695e-07
-1.542832961928058689e-07
-1.594739888322566150e-07
-1.583545343707949935e-07
-1.510133676247495699e-07
-1.380306124104681386e-07
-1.204329787944041467e-07
-9.961369075774133620e-08
-7.722335954589961343e-08
-5.503996081210254168e-08
-3.482790917312014736e-08
-1.819731007569975832e-08
-6.474751397997424102e-09
-5.962821110674432069e-10
-1.031597419481803109e-09
-7.745908279641218240e-09
-2.020276665777552576e-08
-3.740760843047957478e-08
-5.798827283382770049e-08
-8.030561727156672194e-08
-1.025849643116069341e-07
-1.230575437142653494e-07
-1.401005648465160437e-07
-1.523649429813119450e-07
-1.588809051798175024e-07
-1.591335731120871158e-07
-1.531029837757008443e-07
-1.412656469217614518e-07
-1.245575052964691817e-07
-1.043010034028268333e-07
-8.210161641485597162e-08
-5.972154054624343069e-08
-3.894021093123981190e-08
-2.141255445239645041e-08
-8.536340545298333194e-09
-1.339537616827758685e-09
-3.971218188271793947e-10
-5.784408794252793270e-09
-1.707093140973066067e-08
-3.335540227282448720e-08
-5.333872049902911226e-08
-7.542881564272122580e-08
-9.786847072976067740e-08
-1.188755643083899708e-07
-1.367843907025972342e-07
-1.501769442382035226e-07
-1.579940280168219428e-07
-1.596178819081303193e-07
-1.549202204177102919e-07
-1.442721998499214788e-07
-1.285155786639228622e-07
-1.088971710841666437e-07
-8.697138943187547117e-08
-6.447810896889427845e-08
-4.320513841758867211e-08
-2.484599760401598057e-08
-1.086435293567520682e-08
-2.376193641574171362e-09
-5.958083401404292184e-11
-4.099646460203104223e-09
-1.417354996460790013e-08
-2.947670108567183769e-08
-4.878798555127506025e-08
-7.056840131807159107e-08
-9.308476912704126900e-08
-1.145482420391366201e-07
-1.332563634061207517e-07
-1.477274120284282742e-07
-1.568166406202228671e-07
-1.598056628123930186e-07
-1.564583371193068823e-07
-1.470391137482531928e-07
-1.322924924090336816e-07
-1.133850885710322848e-07
-9.181452505212813082e-08
-6.929190613264062062e-08
-4.760673932480665888e-08
-2.848478026476613038e-08
-1.345006338886307022e-08
-3.702358235901133991e-09
-2.023361326487132862e-11
-2.697932972527487382e-09
-1.152146998026937864e-08
-2.578601445707111928e-08
-4.435306679449158754e-08
-6.574249613655028064e-08
-8.825166186002546936e-08
-1.100916590666812109e-07
-1.295295752713228536e-07
-1.450254255477818415e-07
-1.553531081045075830e-07
-1.596962233438399135e-07
-1.577116361085662041e-07
-1.495561300423530910e-07
-1.358742286880860992e-07
-1.177480749262663220e-07
-9.661299392904488152e-08
-7.414497842156029683e-08
-5.212857141873537169e-08
-3.231528969940511475e-08
-1.628378464245870729e-08
-5.313061247939617005e-09
-2.792298003379413975e-10
-1.584523634224103742e-09
-9.124626105898182151e-09
-2.229715464727515613e-08
-4.005053772929172840e-08
-6.096910904793881553e-08
-8.338715848433994576e-08
-1.055223935364498079e-07
-1.256178702643538595e-07
-1.420810127456043293e-07
-1.536088550054265556e-07
-1.592899704284803673e-07
-1.586754760056009418e-07
-1.518139156872971395e-07
-1.392474906131229527e-07
-1.219699104628380367e-07
-1.013489242358022253e-07
-7.901922439350836573e-08
