1.422453789455355088e-10
2.844905559426792810e-10
4.267355309914313425e-10
5.689811118853585621e-10
7.112260869341106753e-10
8.534716678280378948e-10
9.957166428767899046e-10
1.137961819873933651e-09
1.280206189077510451e-09
1.422452173868221351e-09
1.564697552813756834e-09
1.706942931759292316e-09
1.849188512653219536e-09
1.991434093547146756e-09
2.133679674441073975e-09
2.275924447541434248e-09
2.418170432332144941e-09
2.560416417122855634e-09
2.702662401913566326e-09
2.844907578910710486e-09
2.987152553959462496e-09
3.129397529008214506e-09
3.271642504056966516e-09
3.413887681054110262e-09
3.556132454154470535e-09
3.698377833100006018e-09
3.840622808148758028e-09
3.982867783197510038e-09
4.125113767988220731e-09
4.267358541088581004e-09
4.409603314188941277e-09
4.551848895082868497e-09
4.694094475976795716e-09
4.836339652973939463e-09
4.978585031919474946e-09
5.120830006968226955e-09
5.263075587862154175e-09
5.405321168756081394e-09
5.547566143804833404e-09
5.689811522750369714e-09
5.832056699747513461e-09
5.974302684538224153e-09
6.116548063483759636e-09
6.258792836584119910e-09
6.401039023323222339e-09
6.543283796423582612e-09
6.685528771472334622e-09
6.827774756263045315e-09
6.970019327415013851e-09
7.112264706360549334e-09
7.254509883357693081e-09
7.396754454509661617e-09
7.539000035403588837e-09
7.681244808503949110e-09
7.823489783552701947e-09
7.965735162498236603e-09
8.107979935598596876e-09
8.250225314544133186e-09
8.392470693489667842e-09
8.534716072435204152e-09
8.676961249432347899e-09
8.819206426429491645e-09
8.961451805375026301e-09
9.103697184320562611e-09
9.245941755472530320e-09
9.388187538314850104e-09
9.530432917260384759e-09
9.672678296205921070e-09
9.814923473203064816e-09
9.957168852148599472e-09
1.009941402914574322e-08
1.024165900419449606e-08
1.038390377729485633e-08
1.052614915624039098e-08
1.066839514103110168e-08
1.081064072192502890e-08
1.095288650476734868e-08
1.109513168176449243e-08
1.123737726265841965e-08
1.137962264160395596e-08
1.152186882834305756e-08
1.166411339949502692e-08
1.180635898038895414e-08
1.194860516712805574e-08
1.209085014217680858e-08
1.223309552112234324e-08
1.237534090006787955e-08
1.251758526927145635e-08
1.265983085016538357e-08
1.280207602716252731e-08
1.294432059831449502e-08
1.308656597726003133e-08
1.322881176010234946e-08
1.337105734099627668e-08
1.351330292189020390e-08
1.365554830083574021e-08
1.379779327588449139e-08
1.394003865483002770e-08
1.408228403377556236e-08
1.422452921077270610e-08
1.436677458971824241e-08
1.450901956476699360e-08
1.465126453981574643e-08
1.479350951486449762e-08
1.493575489381003393e-08
1.507800007080717767e-08
1.522024625754627928e-08
1.536249163649181724e-08
1.550473721738574281e-08
1.564698239438288655e-08
1.578922837917359724e-08
1.593147375811913190e-08
1.607371853121949383e-08
1.621596451601020452e-08
1.635820969300734827e-08
1.650045527390127383e-08
1.664270024895002667e-08
1.678494663763752249e-08
1.692719120878949020e-08
1.706943678968341576e-08
1.721168095693860165e-08
1.735392613393574540e-08
1.749617151288128006e-08
1.763841648793003289e-08
1.778066146297878573e-08
1.792290684192432039e-08
1.806515201892146413e-08
1.820739759981539301e-08
1.834964297876092766e-08
1.849188855965485323e-08
1.863413313080682425e-08
1.877637891364914403e-08
1.891862409064628778e-08
1.906086987348860425e-08
1.920311545438253312e-08
1.934536042943128596e-08
1.948760601032521153e-08
1.962985098537396436e-08
1.977209676821628415e-08
1.991434154131664277e-08
2.005658631441700469e-08
2.019883189531093026e-08
2.034107666841129219e-08
2.048332204735682684e-08
2.062556702240557968e-08
2.076781240135111433e-08
2.091005737639986717e-08
2.105230235144861670e-08
2.119454773039415466e-08
2.133679371518486536e-08
