-3.507011347991806360e-11
-1.396554538679595225e-10
-3.118985070216240274e-10
-5.487370557943904714e-10
-8.459637990121393614e-10
-1.198293964055352490e-09
-1.599469723334578930e-09
-2.042362279297549321e-09
-2.519106090392853048e-09
-3.021232430899800647e-09
-3.539822268638914693e-09
-4.065670966557632937e-09
-4.589444990710234151e-09
-5.101845945709726493e-09
-5.593780938450976237e-09
-6.056522117159346408e-09
-6.481859882168095055e-09
-6.862251600292523790e-09
-7.190949335988960911e-09
-7.462125750645753897e-09
-7.670972190787495038e-09
-7.813785452004395893e-09
-7.888035391534486962e-09
-7.892405229359411578e-09
-7.826814363287581955e-09
-7.692428527494854507e-09
-7.491630815703587132e-09
-7.227978715551586220e-09
-6.906149152552387704e-09
-6.531847396296086572e-09
-6.111712969047999877e-09
-5.653196744059840739e-09
-5.164432548276920443e-09
-4.654090779432351610e-09
-4.131230857407075518e-09
-3.605129195172196432e-09
-3.085126321078490719e-09
-2.580455016332194873e-09
-2.100077278743839315e-09
-1.652524284079248673e-09
-1.245746006350856305e-09
-8.869693313151572056e-10
-5.825694926464564105e-10
-3.379549973203666013e-10
-1.574740338128322037e-10
-4.433337030818051971e-11
-5.427325255880077748e-13
-2.688166356179522154e-11
-1.228825374788300451e-10
-2.868393855770534628e-10
-5.158375393499170514e-10
-8.058069211891449868e-10
-1.151594986037451918e-09
-1.547057149053898684e-09
-1.985167530360598676e-09
-2.458143522066080777e-09
-2.957585343299484748e-09
-3.474623588850533906e-09
-4.000076436749822051e-09
-4.524617347456683092e-09
-5.038936101708912929e-09
-5.533905500509916919e-09
-6.000744401379876081e-09
-6.431168764198247345e-09
-6.817546194248791380e-09
-7.153023506845102020e-09
-7.431649795552885962e-09
-7.648488176137391292e-09
-7.799690560084115987e-09
-7.882578756390756780e-09
-7.895683606928827203e-09
-7.838771298729341197e-09
-7.712852856389673661e-09
-7.520158662455145304e-09
-7.264105650328644970e-09
-6.949233355424411229e-09
-6.581125810978250001e-09
-6.166309629573873963e-09
-5.712142925329288801e-09
-5.226682753267652970e-09
-4.718543056281276904e-09
-4.196738789818965643e-09
-3.670532044974805785e-09
-3.149262517432305231e-09
-2.642186303081217602e-09
-2.158305367760959825e-09
-1.706215668750843406e-09
-1.293945950386898858e-09
-9.288230184978374382e-10
-6.173336841719390122e-10
-3.650103552743644286e-10
-1.763397761145313325e-10
-5.467493124911015911e-11
-2.175926105962844304e-12
-1.977901176175578257e-11
-1.071691069221003545e-10
-2.627941197985705912e-10
-4.838882627922203028e-10
-7.665206802620616600e-10
-1.105669722445412617e-09
-1.495308710186549206e-09
-1.928516180083050813e-09
-2.397594955905191227e-09
-2.894215700433022675e-09
-3.409557136624385976e-09
-3.934470083066798907e-09
-4.459634495024289436e-09
-4.975729661627070755e-09
-5.473597741723068566e-09
-5.944404302127281881e-09
-6.379797523603514264e-09
-6.772052751902180034e-09
-7.114214051195943966e-09
-7.400214940833649280e-09
-7.624982811815783634e-09
-7.784534183929991968e-09
-7.876039986864924458e-09
-7.897878517848511137e-09
-7.849660088599108576e-09
-7.732241680269424933e-09
-7.547703628763002826e-09
-7.299319815246008147e-09
-6.991491385832659944e-09
-6.629678306335762272e-09
-6.220296944192682531e-09
-5.770606492649932306e-09
-5.288586402141248755e-09
-4.782787332846538675e-09
-4.262183939118813214e-09
-3.736016829236632475e-09
-3.213622867814791562e-09
-2.704280799292746451e-09
-2.217032224471893187e-09
-1.760531220806882402e-09
-1.342886302158063927e-09
-9.715175330882175331e-10
-6.530231355661442194e-10
-3.930605840807288587e-10
-1.962531803734179903e-10
-6.609679470415130709e-11
-4.904909811642710338e-12
-1.376582181578100972e-11
