1.561084594925432611e-12
3.121836122943477676e-12
4.683087251322604061e-12
6.244005312794342899e-12
7.804923374266081737e-12
9.366341036098901895e-12
1.092675949720955941e-11
1.248751102522760448e-11
1.404776295288456822e-11
1.560868101435630706e-11
1.716876640855957703e-11
1.872935140312392832e-11
2.028993639768827961e-11
2.185102099261371222e-11
2.341193905408545106e-11
2.497252404864980235e-11
2.653360864357523496e-11
2.809469323850066758e-11
2.965494516615763132e-11
3.121636282799045148e-11
3.277728088946219032e-11
3.433786588402654161e-11
3.589878394549828045e-11
3.746020160733110060e-11
3.902128620225653322e-11
4.058187119682088451e-11
4.214328885865370466e-11
4.370420692012544350e-11
4.526395924742132593e-11
4.682504384234675854e-11
4.838679457108696624e-11
4.994687996529023621e-11
5.150846416057675015e-11
5.306988182240957030e-11
5.463046681697392160e-11
5.619105181153827289e-11
5.775163680610262418e-11
5.931222180066697547e-11
6.087297332868502053e-11
6.243405792361045314e-11
6.399497598508219198e-11
6.555656018036870591e-11
6.711681210802566966e-11
6.867789670295110227e-11
7.023881476442284111e-11
7.179973282589457995e-11
7.336015128700523746e-11
7.492173548229175140e-11
7.648265354376349023e-11
7.804357160523522907e-11
7.960448966670696791e-11
8.116540772817870675e-11
8.272599272274305804e-11
8.428691078421479688e-11
8.584749577877914817e-11
8.740841384025088701e-11
8.896883230136154452e-11
9.053008342974067091e-11
9.209183415848087861e-11
9.365291875340631123e-11
9.521433641523913138e-11
9.677408874253501381e-11
9.833517333746044642e-11
9.989525873166371639e-11
1.014553441258669864e-10
1.030162621873387252e-10
1.045768471819030765e-10
1.061372656430137340e-10
1.076983502379391666e-10
1.092582690986887428e-10
1.108185210263457066e-10
1.123792725543637516e-10
1.139400240823817967e-10
1.155014417442146168e-10
1.170621932722326619e-10
1.186226117333433194e-10
1.201833632613613645e-10
1.217442813228331033e-10
1.233048663173974546e-10
1.248666170461376623e-10
1.264267024403409323e-10
1.279884531690811400e-10
1.295483720298307162e-10
1.311096231582098426e-10
1.326700416193205001e-10
1.342319588815144016e-10
1.357925438760787529e-10
1.373531288706431042e-10
1.389143799990222305e-10
1.404747984601328881e-10
1.420352169212435456e-10
1.435953023154468156e-10
1.451563869103722482e-10
1.467171384383902932e-10
1.482782230333157258e-10
1.498394741616948522e-10
1.514003922231665911e-10
1.529608106842772486e-10
1.545212291453879061e-10
1.560819806734059512e-10
1.576427322014239962e-10
1.592034837294420413e-10
1.607637356570990050e-10
1.623244871851170501e-10
1.638862379138572578e-10
1.654469894418753029e-10
1.670077409698933479e-10
1.685684924979113930e-10
1.701300766931979069e-10
1.716914943550307271e-10
1.732515797492339971e-10
1.748123312772520421e-10
1.763729162718163934e-10
1.779335012663807447e-10
1.794949189282135649e-10
1.810551708558705286e-10
1.826165885177033488e-10
1.841773400457213938e-10
1.857382581071931327e-10
1.872991761686648715e-10
1.888597611632292228e-10
1.904205126912472679e-10
1.919810976858116192e-10
1.935420157472833580e-10
1.951027672753014031e-10
1.966635188033194481e-10
1.982247699316985745e-10
1.997853549262629258e-10
2.013452737870125020e-10
2.029058587815768533e-10
2.044662772426875108e-10
2.060273618376129434e-10
2.075881133656309885e-10
2.091490314271027273e-10
2.107097829551207724e-10
2.122703679496851237e-10
2.138309529442494750e-10
2.153913714053601325e-10
2.169529556006466464e-10
2.185133740617573039e-10
2.200737925228679615e-10
2.216338779170712314e-10
