-8.764156067542216988e-12
-3.490191469168735239e-11
-7.794814793626869687e-11
-1.371399660499150741e-10
-2.114267094732724672e-10
-2.994886005858177214e-10
-3.997628894580884662e-10
-5.104678346690150192e-10
-6.296378418646497721e-10
-7.551591019172576580e-10
-8.848027310826012126e-10
-1.016266903963725099e-09
-1.147217654207111082e-09
-1.275330840933008858e-09
-1.398331783697415176e-09
-1.514039560390756378e-09
-1.620397982460275443e-09
-1.715521891210158856e-09
-1.797720639018507427e-09
-1.865537391232408027e-09
-1.917767777914747285e-09
-1.953484207728450883e-09
-1.972053187415667708e-09
-1.973145813405352555e-09
-1.956742434749969561e-09
-1.923133652326214360e-09
-1.872916322032125436e-09
-1.806981564378418170e-09
-1.726500109544559791e-09
-1.632898982695252244e-09
-1.527841686499442631e-09
-1.413189232302158871e-09
-1.290979156909344283e-09
-1.163380058954999186e-09
-1.032657293009719979e-09
-9.011300039496461523e-10
-7.711346561301013480e-10
-6.449767386840221661e-10
-5.248971257643120225e-10
-4.130281117120659928e-10
-3.113551083622212445e-10
-2.216820060851887320e-10
-1.456023634993641735e-10
-8.446610078038929714e-11
-3.935934911325489338e-11
-1.108396707749648158e-11
-1.400546345564634976e-13
-6.723455125978716751e-12
-3.071493059891849953e-11
-7.169165261444732096e-11
-1.289233719781179843e-10
-2.013957334234817154e-10
-2.878217664203930326e-10
-3.866665321261564259e-10
-4.961752675392006040e-10
-6.144026953869285990e-10
-7.392514933535210275e-10
-8.685052677037674584e-10
-9.998686878454066118e-10
-1.131010951560540434e-09
-1.259603088499261503e-09
-1.383363590345965122e-09
-1.500094881645708256e-09
-1.607725452767994057e-09
-1.704344165798232780e-09
-1.788239056832452434e-09
-1.857917986125556808e-09
-1.912146274651860267e-09
-1.949960692915198024e-09
-1.970689778030276784e-09
-1.973967489465877634e-09
-1.959734208245578202e-09
-1.928242565618631943e-09
-1.880052280522903629e-09
-1.816017503042388626e-09
-1.737274657465093242e-09
-1.645222125201684094e-09
-1.541494099033258180e-09
-1.427929607888955843e-09
-1.306545371893008678e-09
-1.179496500469667808e-09
-1.049037023914678457e-09
-9.174829229685599330e-10
-7.871688301186452463e-10
-6.604078950367409107e-10
-5.394528157509625999e-10
-4.264483766114324226e-10
-3.234024714693362057e-10
-2.321426384455094194e-10
-1.542910799123831112e-10
-9.122802513417127557e-11
-4.407457732114039572e-11
-1.366740054464798959e-11
-5.460631946618832444e-13
-4.945044373982909747e-12
-2.678590682592130179e-11
-6.568062760337056716e-11
-1.209375932731404646e-10
-1.915762548598820558e-10
-2.763434481245496954e-10
-3.737317122443073458e-10
-4.820144283712579636e-10
-5.992669693810626086e-10
-7.234106647047156002e-10
-8.522396122145892150e-10
-9.834666414576531679e-10
-1.114764114351629587e-09
-1.243799230277176093e-09
-1.368283153446725464e-09
-1.486005318795946550e-09
-1.594877063748612045e-09
-1.692966600241874175e-09
-1.778531322216281296e-09
-1.850055442176312681e-09
-1.906266644535747901e-09
-1.946168226574229720e-09
-1.969053253780828072e-09
-1.974514385327807986e-09
-1.962455697945841848e-09
-1.933090520989111383e-09
-1.886939271500409632e-09
-1.824822126739178429e-09
-1.747841038568509475e-09
-1.657363080109774955e-09
-1.554992634655860684e-09
-1.442547248320380504e-09
-1.322022324945493210e-09
-1.195557153277349016e-09
-1.065397103872101070e-09
-9.338518291990283160e-10
-8.032566278792785397e-10
-6.759298121217227617e-10
-5.541317404933465696e-10
-4.400241837565488368e-10
-3.356325217751532364e-10
-2.428109380225862424e-10
-1.632082802238699060e-10
-9.823658553287373252e-11
-4.904893158297340960e-11
-1.651928593915386045e-11
-1.226851953362029235e-12
-3.440747686767053892e-12
