1.791674585585769327e-09
7.197141450043551341e-09
1.630877078640131986e-08
2.928404465611210823e-08
4.635106695581414327e-08
6.781672255799858617e-08
9.407798235594543072e-08
1.256370548520854055e-07
1.631213767662346426e-07
2.073098139216561311e-07
2.591669646760242039e-07
3.198882042441847071e-07
3.909591573318132068e-07
4.742348240993617901e-07
5.720458181218499916e-07
6.873425546794372740e-07
8.238932988582432167e-07
9.865598976534676131e-07
1.181687408341466202e-06
1.417663827636129753e-06
1.705738985481639130e-06
2.061247125441110206e-06
2.505473917102965877e-06
3.068580810241967024e-06
3.794318623386131972e-06
4.747876852531105954e-06
6.029453546835771096e-06
7.798757657204604844e-06
1.032157365317022527e-05
1.406382955801061480e-05
1.989630416363223254e-05
2.958338969569907487e-05
4.709788229310536939e-05
8.277167312398013641e-05
1.697652965842569078e-04
4.579323304477735611e-04
2.299129577138615994e-03
2.855665033334441882e-01
-4.118765329370776129e+01
-4.119173315132455571e+01
-4.119205813187590337e+01
-4.119213221311736817e+01
-4.119215782089246147e+01
-4.119216895529410039e+01
-4.119217456095506691e+01
-4.119217768670613822e+01
-4.119217956617902843e+01
-4.119218076379863902e+01
-4.119218156290807542e+01
-4.119218211646974481e+01
-4.119218251204173953e+01
-4.119218280222191453e+01
-4.119218301991209330e+01
-4.119218318641514287e+01
-4.119218331593967974e+01
-4.119218341821093787e+01
-4.119218350003860962e+01
-4.119218356628778821e+01
-4.119218362049748805e+01
-4.119218366528388486e+01
-4.119218370260936268e+01
-4.119218373396552835e+01
-4.119218376049994390e+01
-4.119218378310517181e+01
-4.119218380248261013e+01
-4.119218381918853567e+01
-4.119218383366811054e+01
-4.119218384628024410e+01
-4.119218385731661414e+01
-4.119218386701592038e+01
-4.119218387557467054e+01
-4.119218388315579205e+01
-4.119218388989499857e+01
-4.119218389590596985e+01
-4.119218390128457230e+01
-4.119218390611177938e+01
-4.119218391045652794e+01
-4.119218391437762250e+01
-4.119218391792549028e+01
-4.119218392114350991e+01
-4.119218392406910567e+01
-4.119218392673482043e+01
-4.119218392916883431e+01
-4.119218393139581735e+01
-4.119218393343732743e+01
-4.119218393531227917e+01
-4.119218393703729930e+01
-4.119218393862707472e+01
-4.119218394009464390e+01
-4.119218394145151763e+01
-4.119218394270792061e+01
-4.119218394387300464e+01
-4.119218394495494806e+01
-4.119218394596098420e+01
-4.119218394689767848e+01
-4.119218394777091419e+01
-4.119218394858592802e+01
-4.119218394934756589e+01
-4.119218395006006972e+01
-4.119218395072736172e+01
-4.119218395135296618e+01
-4.119218395194008053e+01
-4.119218395249164644e+01
-4.119218395301028579e+01
-4.119218395349845707e+01
-4.119218395395832033e+01
-4.119218395439195746e+01
-4.119218395480117323e+01
-4.119218395518767295e+01
-4.119218395555296297e+01
-4.119218395589856385e+01
-4.119218395622571194e+01
-4.119218395653564357e+01
-4.119218395682952405e+01
-4.119218395710831260e+01
-4.119218395737302529e+01
-4.119218395762447216e+01
-4.119218395786352716e+01
-4.119218395809094346e+01
-4.119218395830735346e+01
-4.119218395851353165e+01
-4.119218395870993987e+01
-4.119218395889726736e+01
-4.119218395907595465e+01
-4.119218395924655596e+01
-4.119218395940949051e+01
-4.119218395956517043e+01
-4.119218395971401492e+01
-4.119218395985640058e+01
-4.119218395999266136e+01
-4.119218396012312411e+01
-4.119218396024809437e+01
-4.119218396036787055e+01
-4.119218396048266584e+01
-4.119218396059282128e+01
-4.119218396069852162e+01
-4.119218396080000844e+01
-4.119218396089745937e+01
-4.119218396099108759e+01
-4.119218396108111335e+01
-4.119218396116767167e+01
-4.119218396125092596e+01
-4.119218396133104676e+01
-4.119218396140814775e+01
-4.119218396148242078e+01
-4.119218396155395823e+01
-4.119218396162293772e+01
-4.119218396168940899e+01
-4.119218396175348573e+01
-4.119218396181528163e+01
-4.119218396187491749e+01
-4.119218396193245013e+01
-4.119218396198805010e+01
-4.119218396204173160e+01
-4.119218396209359412e+01
-4.119218396214370870e+01
-4.119218396219215350e+01
-4.119218396223899958e+01
-4.119218396228432510e+01
-4.119218396232813717e+01
-4.119218396237055657e+01
-4.119218396241164726e+01
-4.119218396245140212e+01
-4.119218396248992065e+01
-4.119218396252722414e+01
-4.119218396256337655e+01
-4.119218396259841342e+01
-4.119218396263238446e+01
-4.119218396266535365e+01
-4.119218396269732096e+01
-4.119218396272835037e+01
-4.119218396275843475e+01
-4.119218396278763805e+01
-4.119218396281601713e+01
-4.119218396284351513e+01
-4.119218396287024575e+01
-4.119218396289624451e+01
-4.119218396292149009e+01
-4.119218396294600382e+01
-4.119218396296982121e+01
-4.119218396299300622e+01
-4.119218396301555174e+01
-4.119218396303750040e+01
-4.119218396305883800e+01
-4.119218396307955743e+01
-4.119218396309974395e+01
-4.119218396311938335e+01
-4.119218396313853248e+01
-4.119218396315718422e+01
-4.119218396317531727e+01
-4.119218396319296716e+01
-4.119218396321016940e+01
-4.119218396322697373e+01
-4.119218396324332332e+01
-4.119218396325923948e+01
-4.119218396327477194e+01
-4.119218396328994203e+01
-4.119218396330470000e+01
-4.119218396331911691e+01
-4.119218396333317145e+01
-4.119218396334688492e+01
-4.119218396336025023e+01
-4.119218396337330290e+01
-4.119218396338602872e+01
-4.119218396339847033e+01
-4.119218396341061350e+01
-4.119218396342247956e+01
-4.119218396343406141e+01
-4.119218396344538746e+01
-4.119218396345643640e+01
-4.119218396346722244e+01
-4.119218396347777400e+01
-4.119218396348806266e+01
-4.119218396349813816e+01
-4.119218396350799338e+01
-4.119218396351760703e+01
-4.119218396352699330e+01
-4.119218396353623746e+01
-4.119218396354524003e+01
-4.119218396355404366e+01
-4.119218396356264833e+01
-4.119218396357109668e+01
-4.119218396357932477e+01
-4.119218396358740364e+01
-4.119218396359529777e+01
-4.119218396360302847e+01
-4.119218396361059575e+01
-4.119218396361803514e+01
-4.119218396362529688e+01
-4.119218396363239520e+01
-4.119218396363933721e+01
-4.119218396364615131e+01
-4.119218396365284462e+01
-4.119218396365939583e+01
-4.119218396366579782e+01
-4.119218396367211454e+01
-4.119218396367828205e+01
-4.119218396368431456e+01
-4.119218396369025470e+01
-4.119218396369605273e+01
-4.119218396370177260e+01
-4.119218396370735036e+01
-4.119218396371282864e+01
-4.119218396371816482e+01
-4.119218396372342994e+01
-4.119218396372856716e+01
-4.119218396373362623e+01
-4.119218396373861424e+01
-4.119218396374348856e+01
-4.119218396374828473e+01
-4.119218396375296720e+01
-4.119218396375757152e+01
-4.119218396376210478e+01
-4.119218396376653857e+01
-4.119218396377087998e+01
-4.119218396377517166e+01
-4.119218396377935676e+01
-4.119218396378347080e+01
-4.119218396378753511e+01
-4.119218396379149283e+01
-4.119218396379537239e+01
-4.119218396379918090e+01
-4.119218396380296809e+01
-4.119218396380667002e+01
-4.119218396381030090e+01
-4.119218396381386782e+01
-4.119218396381738501e+01
-4.119218396382083114e+01
-4.119218396382420622e+01
-4.119218396382752445e+01
-4.119218396383079295e+01
-4.119218396383401881e+01
-4.119218396383716652e+01
-4.119218396384027159e+01
-4.119218396384330561e+01
-4.119218396384636094e+01
-4.119218396384930259e+01
-4.119218396385220871e+01
-4.119218396385507219e+01
-4.119218396385789305e+01
-4.119218396386064995e+01
-4.119218396386338554e+01
-4.119218396386607139e+01
-4.119218396386869330e+01
-4.119218396387130809e+01
-4.119218396387387315e+01
-4.119218396387636005e+01
-4.119218396387883274e+01
-4.119218396388128411e+01
-4.119218396388365733e+01
-4.119218396388598080e+01
-4.119218396388829717e+01
-4.119218396389058512e+01
-4.119218396389282333e+01
-4.119218396389503312e+01
-4.119218396389720027e+01
-4.119218396389936743e+01
-4.119218396390149906e+01
-4.119218396390355252e+01
-4.119218396390560599e+01
-4.119218396390763104e+01
-4.119218396390958503e+01
-4.119218396391154613e+01
-4.119218396391346459e+01
-4.119218396391536174e+01
-4.119218396391722337e+01
-4.119218396391907078e+01
-4.119218396392089687e+01
-4.119218396392267323e+01
-4.119218396392444959e+01
-4.119218396392618331e+01
-4.119218396392790993e+01
-4.119218396392962234e+01
-4.119218396393128501e+01
-4.119218396393291215e+01
-4.119218396393453219e+01
-4.119218396393612380e+01
-4.119218396393769410e+01
-4.119218396393921466e+01
-4.119218396394073523e+01
-4.119218396394224158e+01
-4.119218396394371240e+01
-4.119218396394516901e+01
-4.119218396394657589e+01
-4.119218396394798987e+01
-4.119218396394940385e+01
-4.119218396395078230e+01
-4.119218396395215365e+01
-4.119218396395351078e+01
-4.119218396395482529e+01
-4.119218396395616111e+01
-4.119218396395748272e+01
-4.119218396395873327e+01
-4.119218396395996962e+01
-4.119218396396121307e+01
-4.119218396396245652e+01
-4.119218396396364312e+01
-4.119218396396482973e+01
-4.119218396396600923e+01
-4.119218396396716031e+01
-4.119218396396829007e+01
-4.119218396396941273e+01
-4.119218396397052118e+01
-4.119218396397160120e+01
-4.119218396397266702e+01
-4.119218396397373283e+01
-4.119218396397480575e+01
-4.119218396397584314e+01
-4.119218396397689474e+01
-4.119218396397788950e+01
-4.119218396397890558e+01
-4.119218396397990034e+01
-4.119218396398088089e+01
-4.119218396398183302e+01
-4.119218396398281357e+01
-4.119218396398373727e+01
-4.119218396398464677e+01
-4.119218396398557758e+01
-4.119218396398647997e+01
-4.119218396398738236e+01
-4.119218396398826343e+01
-4.119218396398915161e+01
-4.119218396398999005e+01
-4.119218396399084980e+01
-4.119218396399170246e+01
-4.119218396399251958e+01
-4.119218396399333670e+01
-4.119218396399413251e+01
-4.119218396399492121e+01
-4.119218396399570281e+01
-4.119218396399647020e+01
-4.119218396399723758e+01
-4.119218396399801918e+01
-4.119218396399875104e+01
-4.119218396399949711e+01
-4.119218396400024318e+01
-4.119218396400095372e+01
-4.119218396400167137e+01
-4.119218396400237481e+01
-4.119218396400307824e+01
-4.119218396400375326e+01
-4.119218396400445670e+01
-4.119218396400514592e+01
-4.119218396400582805e+01
-4.119218396400648885e+01
-4.119218396400715676e+01
-4.119218396400781756e+01
-4.119218396400848548e+01
-4.119218396400913207e+01
-4.119218396400977156e+01
-4.119218396401038973e+01
-4.119218396401098659e+01
-4.119218396401159055e+01
-4.119218396401217319e+01
-4.119218396401277715e+01
-4.119218396401338111e+01
-4.119218396401394955e+01
-4.119218396401453219e+01
-4.119218396401506510e+01
-4.119218396401563353e+01
-4.119218396401620197e+01
-4.119218396401676330e+01
-4.119218396401729620e+01
-4.119218396401781490e+01
-4.119218396401836912e+01
-4.119218396401890203e+01
-4.119218396401942783e+01
-4.119218396401991811e+01
-4.119218396402042970e+01
-4.119218396402091997e+01
-4.119218396402142446e+01
-4.119218396402189342e+01
-4.119218396402238369e+01
-4.119218396402288818e+01
-4.119218396402335003e+01
-4.119218396402381899e+01
-4.119218396402425952e+01
-4.119218396402473559e+01
-4.119218396402522586e+01
-4.119218396402566640e+01
-4.119218396402611404e+01
-4.119218396402654037e+01
-4.119218396402698801e+01
-4.119218396402742854e+01
-4.119218396402787619e+01
-4.119218396402830962e+01
-4.119218396402870752e+01
-4.119218396402911964e+01
-4.119218396402952465e+01
-4.119218396402993676e+01
-4.119218396403034177e+01
-4.119218396403075388e+01
-4.119218396403115889e+01
-4.119218396403153548e+01
-4.119218396403193339e+01
-4.119218396403228155e+01
-4.119218396403267946e+01
-4.119218396403306315e+01
-4.119218396403340421e+01
-4.119218396403382343e+01
-4.119218396403419291e+01
-4.119218396403454818e+01
-4.119218396403491056e+01
-4.119218396403528004e+01
-4.119218396403559268e+01
-4.119218396403594085e+01
-4.119218396403629612e+01
-4.119218396403665139e+01
-4.119218396403697824e+01
-4.119218396403732640e+01
-4.119218396403765325e+01
-4.119218396403798721e+01
-4.119218396403826432e+01
-4.119218396403858407e+01
-4.119218396403888960e+01
-4.119218396403918803e+01
-4.119218396403949356e+01
-4.119218396403978488e+01
-4.119218396404009042e+01
-4.119218396404040305e+01
-4.119218396404070148e+01
-4.119218396404097859e+01
-4.119218396404127702e+01
-4.119218396404153992e+01
-4.119218396404183125e+01
-4.119218396404209415e+01
-4.119218396404239968e+01
-4.119218396404267679e+01
-4.119218396404294680e+01
-4.119218396404320970e+01
-4.119218396404352234e+01
-4.119218396404377103e+01
-4.119218396404405524e+01
-4.119218396404429683e+01
-4.119218396404458105e+01
-4.119218396404485105e+01
-4.119218396404509264e+01
-4.119218396404534843e+01
-4.119218396404561844e+01
-4.119218396404585292e+01
-4.119218396404609450e+01
-4.119218396404630766e+01
-4.119218396404657767e+01
-4.119218396404681926e+01
-4.119218396404706795e+01
-4.119218396404730242e+01
-4.119218396404752980e+01
-4.119218396404775717e+01
-4.119218396404797033e+01
-4.119218396404819771e+01
-4.119218396404842508e+01
-4.119218396404865246e+01
-4.119218396404888693e+01
-4.119218396404907878e+01
-4.119218396404929905e+01
-4.119218396404951932e+01
-4.119218396404971827e+01
-4.119218396404993143e+01
-4.119218396405014460e+01
-4.119218396405034355e+01
-4.119218396405054250e+01
-4.119218396405074145e+01
-4.119218396405093330e+01
-4.119218396405114646e+01
-4.119218396405135962e+01
-4.119218396405156568e+01
-4.119218396405177174e+01
-4.119218396405194937e+01
-4.119218396405214122e+01
-4.119218396405233307e+01
-4.119218396405253202e+01
-4.119218396405270965e+01
-4.119218396405292282e+01
-4.119218396405311466e+01
-4.119218396405329941e+01
-4.119218396405345572e+01
-4.119218396405362626e+01
-4.119218396405381810e+01
-4.119218396405401705e+01
-4.119218396405418758e+01
-4.119218396405436522e+01
-4.119218396405452154e+01
-4.119218396405468496e+01
-4.119218396405486260e+01
-4.119218396405501181e+01
-4.119218396405521077e+01
-4.119218396405537419e+01
-4.119218396405551630e+01
-4.119218396405567262e+01
-4.119218396405582894e+01
-4.119218396405601368e+01
-4.119218396405614868e+01
-4.119218396405629790e+01
-4.119218396405648264e+01
-4.119218396405663896e+01
-4.119218396405682370e+01
-4.119218396405698002e+01
-4.119218396405711502e+01
-4.119218396405728555e+01
-4.119218396405745608e+01
-4.119218396405762661e+01
-4.119218396405778293e+01
-4.119218396405789662e+01
-4.119218396405805294e+01
-4.119218396405818083e+01
-4.119218396405830873e+01
-4.119218396405844373e+01
-4.119218396405860716e+01
-4.119218396405876348e+01
-4.119218396405888427e+01
-4.119218396405902638e+01
-4.119218396405917559e+01
-4.119218396405930349e+01
-4.119218396405946692e+01
-4.119218396405956639e+01
-4.119218396405971561e+01
-4.119218396405983640e+01
-4.119218396405995719e+01
-4.119218396406009219e+01
-4.119218396406023430e+01
-4.119218396406034088e+01
-4.119218396406046878e+01
-4.119218396406059668e+01
-4.119218396406068905e+01
-4.119218396406083116e+01
-4.119218396406097327e+01
-4.119218396406107274e+01
-4.119218396406119354e+01
-4.119218396406131433e+01
-4.119218396406143512e+01
-4.119218396406154881e+01
-4.119218396406169802e+01
-4.119218396406181881e+01
-4.119218396406196092e+01
-4.119218396406208882e+01
-4.119218396406218829e+01
-4.119218396406230198e+01
-4.119218396406245120e+01
-4.119218396406256488e+01
-4.119218396406268567e+01
-4.119218396406279226e+01
-4.119218396406290594e+01
-4.119218396406301252e+01
-4.119218396406311200e+01
-4.119218396406322569e+01
-4.119218396406331806e+01
-4.119218396406343174e+01
-4.119218396406354543e+01
-4.119218396406365201e+01
-4.119218396406372307e+01
-4.119218396406383675e+01
-4.119218396406393623e+01
-4.119218396406403571e+01
-4.119218396406412808e+01
-4.119218396406422755e+01
-4.119218396406431282e+01
-4.119218396406440519e+01
-4.119218396406449045e+01
-4.119218396406458993e+01
-4.119218396406468941e+01
