-2.132594018149660753e-15
-7.710147604079543391e-15
-1.738884353260492651e-14
-3.133272749742963428e-14
-5.069011935448040367e-14
-7.578911049116487514e-14
-1.079420664571136043e-13
-1.484613528019571720e-13
-1.989874264627337302e-13
-2.626371556198159076e-13
-3.425274084535763077e-13
-4.429233730003141683e-13
-5.695666485396632674e-13
-7.308235654505183550e-13
-9.371930481299240781e-13
-1.203603254704927895e-12
-1.551380125357026451e-12
-2.009559747871795983e-12
-2.621614231080748661e-12
-3.449880938591335949e-12
-4.589178281364366663e-12
-6.183046241390682222e-12
-8.458360013062665707e-12
-1.178061340195243116e-11
-1.675923616016966439e-11
-2.444772973268030486e-11
-3.674607134396199302e-11
-5.725555610789468427e-11
-9.321584857901537468e-11
-1.602536134481625533e-10
-2.952053112365290344e-10
-5.951458014218187958e-10
-1.356264833448477549e-09
-3.684554045033930314e-09
-1.315019546481578471e-08
-7.598100573015170681e-08
-1.304218032584486743e-06
-5.893989057062076070e-03
-3.329635609206972731e+03
-3.329635608173067340e+03
-3.329635608156609123e+03
-3.329635608155015234e+03
-3.329635608154712372e+03
-3.329635608154627789e+03
-3.329635608154598231e+03
-3.329635608154585952e+03
-3.329635608154578676e+03
-3.329635608154578676e+03
-3.329635608154576403e+03
-3.329635608154576403e+03
-3.329635608154575038e+03
-3.329635608154573674e+03
-3.329635608154575038e+03
-3.329635608154572310e+03
-3.329635608154571855e+03
-3.329635608154571855e+03
-3.329635608154570036e+03
-3.329635608154569127e+03
-3.329635608154571401e+03
-3.329635608154571855e+03
-3.329635608154570036e+03
-3.329635608154568672e+03
-3.329635608154568672e+03
-3.329635608154569127e+03
-3.329635608154571401e+03
-3.329635608154571401e+03
-3.329635608154572310e+03
-3.329635608154571401e+03
-3.329635608154573220e+03
-3.329635608154575948e+03
-3.329635608154575038e+03
-3.329635608154573674e+03
-3.329635608154573220e+03
-3.329635608154575038e+03
-3.329635608154574584e+03
-3.329635608154575038e+03
-3.329635608154573674e+03
-3.329635608154573674e+03
-3.329635608154574584e+03
-3.329635608154572310e+03
-3.329635608154575038e+03
-3.329635608154576403e+03
-3.329635608154574584e+03
-3.329635608154573674e+03
-3.329635608154571855e+03
-3.329635608154571401e+03
-3.329635608154573220e+03
-3.329635608154575038e+03
-3.329635608154573674e+03
-3.329635608154571401e+03
-3.329635608154571855e+03
-3.329635608154573220e+03
-3.329635608154571401e+03
-3.329635608154570491e+03
-3.329635608154571855e+03
-3.329635608154571401e+03
-3.329635608154573220e+03
-3.329635608154570036e+03
-3.329635608154571401e+03
-3.329635608154570491e+03
-3.329635608154570036e+03
-3.329635608154567763e+03
-3.329635608154567308e+03
-3.329635608154568672e+03
-3.329635608154568672e+03
-3.329635608154568672e+03
-3.329635608154568672e+03
-3.329635608154567763e+03
-3.329635608154567763e+03
-3.329635608154567763e+03
-3.329635608154565944e+03
-3.329635608154564579e+03
-3.329635608154566398e+03
-3.329635608154565034e+03
-3.329635608154565944e+03
-3.329635608154565944e+03
-3.329635608154565034e+03
-3.329635608154565034e+03
-3.329635608154563215e+03
-3.329635608154560941e+03
-3.329635608154564579e+03
-3.329635608154565034e+03
-3.329635608154563670e+03
-3.329635608154564579e+03
-3.329635608154563215e+03
-3.329635608154564579e+03
-3.329635608154564579e+03
-3.329635608154564579e+03
-3.329635608154562306e+03
-3.329635608154560487e+03
-3.329635608154560487e+03
-3.329635608154560941e+03
-3.329635608154562306e+03
-3.329635608154564579e+03
-3.329635608154562306e+03
-3.329635608154560487e+03
-3.329635608154560941e+03
-3.329635608154563215e+03
-3.329635608154560941e+03
-3.329635608154563215e+03
-3.329635608154563215e+03
-3.329635608154563215e+03
-3.329635608154562306e+03
-3.329635608154563670e+03
-3.329635608154563215e+03
-3.329635608154560941e+03
-3.329635608154562306e+03
-3.329635608154564579e+03
-3.329635608154563215e+03
-3.329635608154560941e+03
-3.329635608154561851e+03
-3.329635608154560941e+03
-3.329635608154560941e+03
-3.329635608154562306e+03
-3.329635608154560487e+03
-3.329635608154560487e+03
-3.329635608154558213e+03
-3.329635608154560487e+03
-3.329635608154560941e+03
-3.329635608154561851e+03
-3.329635608154557758e+03
-3.329635608154559122e+03
-3.329635608154557303e+03
-3.329635608154557303e+03
-3.329635608154555030e+03
-3.329635608154559577e+03
-3.329635608154559122e+03
-3.329635608154559122e+03
-3.329635608154560941e+03
-3.329635608154559577e+03
-3.329635608154561851e+03
-3.329635608154559122e+03
-3.329635608154559577e+03
-3.329635608154559122e+03
-3.329635608154560941e+03
-3.329635608154558213e+03
-3.329635608154561851e+03
-3.329635608154562306e+03
-3.329635608154563670e+03
-3.329635608154564579e+03
-3.329635608154560941e+03
-3.329635608154563215e+03
-3.329635608154562306e+03
-3.329635608154563215e+03
-3.329635608154562306e+03
-3.329635608154563215e+03
-3.329635608154561851e+03
-3.329635608154563215e+03
-3.329635608154565034e+03
-3.329635608154564579e+03
-3.329635608154563670e+03
-3.329635608154564579e+03
-3.329635608154563670e+03
-3.329635608154562306e+03
-3.329635608154563670e+03
-3.329635608154561851e+03
-3.329635608154562306e+03
-3.329635608154561851e+03
-3.329635608154560941e+03
-3.329635608154561851e+03
-3.329635608154560941e+03
-3.329635608154559122e+03
-3.329635608154560941e+03
-3.329635608154560487e+03
-3.329635608154563215e+03
-3.329635608154560487e+03
-3.329635608154560487e+03
-3.329635608154559577e+03
-3.329635608154559122e+03
-3.329635608154560487e+03
-3.329635608154559577e+03
-3.329635608154559577e+03
-3.329635608154557303e+03
-3.329635608154559122e+03
-3.329635608154557303e+03
-3.329635608154557758e+03
-3.329635608154560487e+03
-3.329635608154558213e+03
-3.329635608154559122e+03
-3.329635608154559577e+03
-3.329635608154559577e+03
-3.329635608154558213e+03
-3.329635608154559122e+03
-3.329635608154559122e+03
-3.329635608154559577e+03
-3.329635608154559577e+03
-3.329635608154558213e+03
-3.329635608154557758e+03
-3.329635608154559577e+03
-3.329635608154556394e+03
-3.329635608154559122e+03
-3.329635608154561851e+03
-3.329635608154559122e+03
-3.329635608154560487e+03
-3.329635608154559122e+03
-3.329635608154559122e+03
-3.329635608154557758e+03
-3.329635608154560941e+03
-3.329635608154560941e+03
-3.329635608154563215e+03
-3.329635608154563670e+03
-3.329635608154560941e+03
-3.329635608154561851e+03
-3.329635608154560941e+03
-3.329635608154560941e+03
-3.329635608154560487e+03
-3.329635608154561851e+03
-3.329635608154561851e+03
-3.329635608154562306e+03
-3.329635608154561851e+03
-3.329635608154560941e+03
-3.329635608154561851e+03
-3.329635608154560941e+03
-3.329635608154560941e+03
-3.329635608154563670e+03
-3.329635608154561851e+03
-3.329635608154561851e+03
-3.329635608154562306e+03
-3.329635608154563215e+03
-3.329635608154563215e+03
-3.329635608154563215e+03
-3.329635608154560487e+03
-3.329635608154560487e+03
-3.329635608154562306e+03
-3.329635608154560941e+03
-3.329635608154563670e+03
-3.329635608154563215e+03
-3.329635608154564579e+03
-3.329635608154565034e+03
-3.329635608154564579e+03
-3.329635608154563670e+03
-3.329635608154563670e+03
-3.329635608154565034e+03
-3.329635608154567308e+03
-3.329635608154567308e+03
-3.329635608154567763e+03
-3.329635608154568672e+03
-3.329635608154567308e+03
-3.329635608154568672e+03
-3.329635608154571855e+03
-3.329635608154571401e+03
-3.329635608154570036e+03
-3.329635608154569127e+03
-3.329635608154568672e+03
-3.329635608154568672e+03
-3.329635608154568672e+03
-3.329635608154570491e+03
-3.329635608154568672e+03
-3.329635608154570036e+03
-3.329635608154568672e+03
-3.329635608154570036e+03
-3.329635608154570036e+03
-3.329635608154571401e+03
-3.329635608154571401e+03
-3.329635608154571401e+03
-3.329635608154570491e+03
-3.329635608154571401e+03
-3.329635608154571855e+03
-3.329635608154572310e+03
-3.329635608154571855e+03
-3.329635608154571855e+03
-3.329635608154571401e+03
-3.329635608154572310e+03
-3.329635608154573220e+03
-3.329635608154572310e+03
-3.329635608154571855e+03
-3.329635608154572310e+03
-3.329635608154572310e+03
-3.329635608154573220e+03
-3.329635608154574584e+03
-3.329635608154575948e+03
-3.329635608154577312e+03
-3.329635608154573674e+03
-3.329635608154575038e+03
-3.329635608154573674e+03
-3.329635608154573220e+03
-3.329635608154574584e+03
-3.329635608154575038e+03
-3.329635608154573674e+03
-3.329635608154576403e+03
-3.329635608154575038e+03
-3.329635608154577312e+03
-3.329635608154576403e+03
-3.329635608154576403e+03
-3.329635608154577767e+03
-3.329635608154575948e+03
-3.329635608154576403e+03
-3.329635608154575948e+03
-3.329635608154577767e+03
-3.329635608154577767e+03
-3.329635608154575948e+03
-3.329635608154577312e+03
-3.329635608154577312e+03
-3.329635608154575948e+03
-3.329635608154576403e+03
-3.329635608154576403e+03
-3.329635608154573674e+03
-3.329635608154574584e+03
-3.329635608154575038e+03
-3.329635608154575948e+03
-3.329635608154574584e+03
-3.329635608154575038e+03
-3.329635608154573674e+03
-3.329635608154573674e+03
-3.329635608154573220e+03
-3.329635608154575038e+03
-3.329635608154574584e+03
-3.329635608154573220e+03
-3.329635608154573674e+03
-3.329635608154573220e+03
-3.329635608154572310e+03
-3.329635608154573220e+03
-3.329635608154570491e+03
-3.329635608154573220e+03
-3.329635608154571855e+03
-3.329635608154570036e+03
-3.329635608154570036e+03
-3.329635608154572310e+03
-3.329635608154573220e+03
-3.329635608154575038e+03
-3.329635608154573220e+03
-3.329635608154573220e+03
-3.329635608154573674e+03
-3.329635608154573220e+03
-3.329635608154573674e+03
-3.329635608154571855e+03
-3.329635608154571855e+03
-3.329635608154571401e+03
-3.329635608154573220e+03
-3.329635608154573220e+03
-3.329635608154572310e+03
-3.329635608154571855e+03
-3.329635608154571401e+03
-3.329635608154570036e+03
-3.329635608154571401e+03
-3.329635608154572310e+03
-3.329635608154571855e+03
-3.329635608154570491e+03
-3.329635608154573220e+03
-3.329635608154573220e+03
-3.329635608154571401e+03
-3.329635608154574584e+03
-3.329635608154573220e+03
-3.329635608154575948e+03
-3.329635608154573674e+03
-3.329635608154573220e+03
-3.329635608154573220e+03
-3.329635608154571401e+03
-3.329635608154571401e+03
-3.329635608154571401e+03
-3.329635608154571401e+03
-3.329635608154568672e+03
-3.329635608154570036e+03
-3.329635608154571401e+03
-3.329635608154570036e+03
-3.329635608154571401e+03
-3.329635608154573674e+03
-3.329635608154573674e+03
-3.329635608154575038e+03
-3.329635608154571855e+03
-3.329635608154571401e+03
-3.329635608154570491e+03
-3.329635608154571855e+03
-3.329635608154571855e+03
-3.329635608154573220e+03
-3.329635608154573220e+03
-3.329635608154572310e+03
-3.329635608154571401e+03
-3.329635608154571855e+03
-3.329635608154574584e+03
-3.329635608154575038e+03
-3.329635608154576403e+03
-3.329635608154575038e+03
-3.329635608154576403e+03
-3.329635608154577767e+03
-3.329635608154580041e+03
-3.329635608154578676e+03
-3.329635608154580041e+03
-3.329635608154577767e+03
-3.329635608154579131e+03
-3.329635608154580041e+03
-3.329635608154580041e+03
-3.329635608154577767e+03
-3.329635608154577767e+03
-3.329635608154579131e+03
-3.329635608154578676e+03
-3.329635608154579131e+03
-3.329635608154580041e+03
-3.329635608154579131e+03
-3.329635608154579131e+03
-3.329635608154581405e+03
-3.329635608154580495e+03
-3.329635608154582769e+03
-3.329635608154583224e+03
-3.329635608154583224e+03
-3.329635608154582769e+03
-3.329635608154584133e+03
-3.329635608154584588e+03
-3.329635608154584133e+03
-3.329635608154581860e+03
-3.329635608154582769e+03
-3.329635608154581405e+03
-3.329635608154580041e+03
-3.329635608154580495e+03
-3.329635608154581405e+03
-3.329635608154580495e+03
-3.329635608154582769e+03
-3.329635608154580041e+03
-3.329635608154579131e+03
-3.329635608154581860e+03
-3.329635608154580041e+03
-3.329635608154580495e+03
-3.329635608154578676e+03
-3.329635608154580495e+03
-3.329635608154579131e+03
-3.329635608154579131e+03
-3.329635608154580495e+03
-3.329635608154577312e+03
-3.329635608154578676e+03
-3.329635608154578676e+03
-3.329635608154576403e+03
-3.329635608154577767e+03
-3.329635608154580041e+03
-3.329635608154580041e+03
-3.329635608154580041e+03
-3.329635608154579131e+03
-3.329635608154580041e+03
-3.329635608154583224e+03
-3.329635608154577767e+03
-3.329635608154578676e+03
-3.329635608154579131e+03
-3.329635608154577312e+03
-3.329635608154576403e+03
-3.329635608154577767e+03
-3.329635608154580041e+03
-3.329635608154582769e+03
-3.329635608154580495e+03
-3.329635608154581405e+03
-3.329635608154576403e+03
-3.329635608154574584e+03
-3.329635608154575038e+03
-3.329635608154573220e+03
-3.329635608154572310e+03
-3.329635608154571855e+03
-3.329635608154572310e+03
-3.329635608154573220e+03
-3.329635608154569127e+03
-3.329635608154571855e+03
-3.329635608154572310e+03
-3.329635608154573220e+03
-3.329635608154573220e+03
-3.329635608154574584e+03
-3.329635608154573674e+03
-3.329635608154575038e+03
-3.329635608154575948e+03
-3.329635608154573220e+03
-3.329635608154572310e+03
-3.329635608154573674e+03
-3.329635608154573220e+03
-3.329635608154575038e+03
-3.329635608154576403e+03
-3.329635608154579131e+03
-3.329635608154576403e+03
-3.329635608154577312e+03
-3.329635608154577312e+03
-3.329635608154580041e+03
-3.329635608154579131e+03
-3.329635608154577312e+03
-3.329635608154577767e+03
-3.329635608154580041e+03
-3.329635608154580495e+03
-3.329635608154581405e+03
-3.329635608154580041e+03
-3.329635608154580041e+03
-3.329635608154580495e+03
-3.329635608154581405e+03
-3.329635608154580495e+03
-3.329635608154581860e+03
-3.329635608154583224e+03
-3.329635608154584133e+03
-3.329635608154583224e+03
-3.329635608154580041e+03
-3.329635608154580041e+03
-3.329635608154581860e+03
-3.329635608154581860e+03
-3.329635608154582769e+03
-3.329635608154583224e+03
-3.329635608154584133e+03
-3.329635608154582769e+03
-3.329635608154583224e+03
-3.329635608154580041e+03
-3.329635608154581405e+03
-3.329635608154578676e+03
-3.329635608154580041e+03
-3.329635608154577767e+03
-3.329635608154578676e+03
-3.329635608154577767e+03
-3.329635608154580041e+03
-3.329635608154577312e+03
-3.329635608154577312e+03
-3.329635608154575948e+03
-3.329635608154577767e+03
-3.329635608154576403e+03
-3.329635608154575948e+03
-3.329635608154576403e+03
-3.329635608154578676e+03
-3.329635608154575948e+03
-3.329635608154575038e+03
-3.329635608154578676e+03
-3.329635608154577312e+03
-3.329635608154577767e+03
-3.329635608154576403e+03
-3.329635608154577767e+03
-3.329635608154575948e+03
-3.329635608154577312e+03
-3.329635608154580041e+03
-3.329635608154578676e+03
-3.329635608154579131e+03
-3.329635608154580495e+03
-3.329635608154579131e+03
-3.329635608154580041e+03
-3.329635608154579131e+03
-3.329635608154578676e+03
-3.329635608154579131e+03
-3.329635608154580495e+03
-3.329635608154582769e+03
-3.329635608154582769e+03
-3.329635608154583224e+03
-3.329635608154583224e+03
-3.329635608154582769e+03
-3.329635608154583224e+03
-3.329635608154580041e+03
-3.329635608154581405e+03
-3.329635608154581405e+03
-3.329635608154580495e+03
-3.329635608154580495e+03
-3.329635608154578676e+03
-3.329635608154578676e+03
-3.329635608154580041e+03
-3.329635608154581405e+03
-3.329635608154576403e+03
-3.329635608154575948e+03
-3.329635608154577312e+03
-3.329635608154577312e+03
-3.329635608154577767e+03
-3.329635608154578676e+03
-3.329635608154577312e+03
-3.329635608154575038e+03
-3.329635608154577312e+03
-3.329635608154573674e+03
-3.329635608154573220e+03
-3.329635608154573674e+03
-3.329635608154575038e+03
-3.329635608154574584e+03
-3.329635608154575038e+03
-3.329635608154579131e+03
-3.329635608154579131e+03
-3.329635608154580041e+03
-3.329635608154580041e+03
-3.329635608154581405e+03
