-1.792064850291090863e-09
-7.203282336541660479e-09
-1.633999622801506699e-08
-2.938377508727948722e-08
-4.659817620225073001e-08
-6.833878436241841020e-08
-9.506714967312014060e-08
-1.273695353536007751e-07
-1.659817347336015489e-07
-2.118217273374687703e-07
-2.660326171882978306e-07
-3.300392699117759680e-07
-4.056234474684011850e-07
-4.950242549721940505e-07
-6.010736927957252175e-07
-7.273815624782758243e-07
-8.785907767805484217e-07
-1.060734678437139171e-06
-1.281744650519616088e-06
-1.552183247960834410e-06
-1.886322583419272540e-06
-2.303763098851772142e-06
-2.831919171100428594e-06
-3.509933929003680989e-06
-4.395024514581466142e-06
-5.573108067219819227e-06
-7.177276539689010907e-06
-9.421348086888507974e-06
-1.266400212090796793e-05
-1.753911541524045745e-05
-2.524112472016550127e-05
-3.821063757890567501e-05
-6.199074395695456112e-05
-1.111272403864908457e-04
-2.327514728582471680e-04
-6.420862415961369135e-04
-3.305394838849486094e-03
-4.311103459767772761e-01
-3.616090607571404689e+04
-3.616090569671077537e+04
-3.616090566987982311e+04
-3.616090566405524442e+04
-3.616090566209834651e+04
-3.616090566126353224e+04
-3.616090566084899183e+04
-3.616090566062029393e+04
-3.616090566048391338e+04
-3.616090566039767145e+04
-3.616090566034046060e+04
-3.616090566030096670e+04
-3.616090566027291061e+04
-3.616090566025239241e+04
-3.616090566023702559e+04
-3.616090566022534040e+04
-3.616090566021621635e+04
-3.616090566020907136e+04
-3.616090566020339611e+04
-3.616090566019876860e+04
-3.616090566019499965e+04
-3.616090566019184189e+04
-3.616090566018922254e+04
-3.616090566018706886e+04
-3.616090566018522077e+04
-3.616090566018363461e+04
-3.616090566018231766e+04
-3.616090566018116806e+04
-3.616090566018016398e+04
-3.616090566017931269e+04
-3.616090566017849778e+04
-3.616090566017781384e+04
-3.616090566017723177e+04
-3.616090566017670062e+04
-3.616090566017624951e+04
-3.616090566017587844e+04
-3.616090566017552919e+04
-3.616090566017515812e+04
-3.616090566017486708e+04
-3.616090566017458332e+04
-3.616090566017433594e+04
-3.616090566017412493e+04
-3.616090566017392848e+04
-3.616090566017373931e+04
-3.616090566017352830e+04
-3.616090566017339006e+04
-3.616090566017325909e+04
-3.616090566017311357e+04
-3.616090566017301899e+04
-3.616090566017291712e+04
-3.616090566017280071e+04
-3.616090566017271340e+04
-3.616090566017264791e+04
-3.616090566017254605e+04
-3.616090566017250967e+04
-3.616090566017245874e+04
-3.616090566017237870e+04
-3.616090566017230594e+04
-3.616090566017227684e+04
-3.616090566017221136e+04
-3.616090566017217498e+04
-3.616090566017218225e+04
-3.616090566017215315e+04
-3.616090566017213860e+04
-3.616090566017209494e+04
-3.616090566017205856e+04
-3.616090566017202946e+04
-3.616090566017200035e+04
-3.616090566017196397e+04
-3.616090566017192759e+04
-3.616090566017191304e+04
-3.616090566017188394e+04
-3.616090566017189121e+04
-3.616090566017184756e+04
-3.616090566017181845e+04
-3.616090566017177480e+04
-3.616090566017173842e+04
-3.616090566017174569e+04
-3.616090566017173114e+04
-3.616090566017170204e+04
-3.616090566017168021e+04
-3.616090566017167293e+04
-3.616090566017166566e+04
-3.616090566017165838e+04
-3.616090566017162200e+04
-3.616090566017157835e+04
-3.616090566017156380e+04
-3.616090566017159290e+04
-3.616090566017155652e+04
-3.616090566017154924e+04
-3.616090566017152742e+04
-3.616090566017152742e+04
-3.616090566017152014e+04
-3.616090566017151286e+04
-3.616090566017146921e+04
-3.616090566017149831e+04
-3.616090566017149831e+04
-3.616090566017149831e+04
-3.616090566017146193e+04
-3.616090566017144010e+04
-3.616090566017143283e+04
-3.616090566017143283e+04
-3.616090566017145466e+04
-3.616090566017139645e+04
-3.616090566017131641e+04
-3.616090566017136007e+04
-3.616090566017135279e+04
-3.616090566017132369e+04
-3.616090566017129458e+04
-3.616090566017130914e+04
-3.616090566017130186e+04
-3.616090566017125821e+04
-3.616090566017127276e+04
-3.616090566017123638e+04
-3.616090566017128731e+04
-3.616090566017122183e+04
-3.616090566017122910e+04
-3.616090566017121455e+04
-3.616090566017117089e+04
-3.616090566017117089e+04
-3.616090566017119272e+04
-3.616090566017117089e+04
-3.616090566017114907e+04
-3.616090566017114907e+04
-3.616090566017119272e+04
-3.616090566017119272e+04
-3.616090566017117817e+04
-3.616090566017120000e+04
-3.616090566017120727e+04
-3.616090566017120727e+04
-3.616090566017120000e+04
-3.616090566017117089e+04
-3.616090566017112724e+04
-3.616090566017114179e+04
-3.616090566017112724e+04
-3.616090566017114907e+04
-3.616090566017117089e+04
-3.616090566017117089e+04
-3.616090566017115634e+04
-3.616090566017117089e+04
-3.616090566017114179e+04
-3.616090566017117089e+04
-3.616090566017116362e+04
-3.616090566017115634e+04
-3.616090566017114907e+04
-3.616090566017114907e+04
-3.616090566017114907e+04
-3.616090566017117817e+04
-3.616090566017120727e+04
-3.616090566017118545e+04
-3.616090566017117817e+04
-3.616090566017115634e+04
-3.616090566017113451e+04
-3.616090566017114907e+04
-3.616090566017112724e+04
-3.616090566017116362e+04
-3.616090566017117089e+04
-3.616090566017114179e+04
-3.616090566017117089e+04
-3.616090566017114179e+04
-3.616090566017117089e+04
-3.616090566017115634e+04
-3.616090566017115634e+04
-3.616090566017118545e+04
-3.616090566017113451e+04
-3.616090566017117817e+04
-3.616090566017119272e+04
-3.616090566017117089e+04
-3.616090566017115634e+04
-3.616090566017114179e+04
-3.616090566017114907e+04
-3.616090566017113451e+04
-3.616090566017114907e+04
-3.616090566017116362e+04
-3.616090566017115634e+04
-3.616090566017111996e+04
-3.616090566017114179e+04
-3.616090566017112724e+04
-3.616090566017115634e+04
-3.616090566017117089e+04
-3.616090566017115634e+04
-3.616090566017117089e+04
-3.616090566017118545e+04
-3.616090566017117817e+04
-3.616090566017120727e+04
-3.616090566017120727e+04
-3.616090566017122183e+04
-3.616090566017119272e+04
-3.616090566017119272e+04
-3.616090566017121455e+04
-3.616090566017125093e+04
-3.616090566017124365e+04
-3.616090566017123638e+04
-3.616090566017122183e+04
-3.616090566017125821e+04
-3.616090566017128003e+04
-3.616090566017128731e+04
-3.616090566017129458e+04
-3.616090566017130186e+04
-3.616090566017132369e+04
-3.616090566017133096e+04
-3.616090566017135279e+04
-3.616090566017133824e+04
-3.616090566017131641e+04
-3.616090566017133096e+04
-3.616090566017134552e+04
-3.616090566017136007e+04
-3.616090566017138917e+04
-3.616090566017138917e+04
-3.616090566017137462e+04
-3.616090566017133096e+04
-3.616090566017135279e+04
-3.616090566017133096e+04
-3.616090566017138917e+04
-3.616090566017141100e+04
-3.616090566017141828e+04
-3.616090566017141100e+04
-3.616090566017142555e+04
-3.616090566017144738e+04
-3.616090566017145466e+04
-3.616090566017146193e+04
-3.616090566017152742e+04
-3.616090566017150559e+04
-3.616090566017149831e+04
-3.616090566017151286e+04
-3.616090566017145466e+04
-3.616090566017146921e+04
-3.616090566017144010e+04
-3.616090566017143283e+04
-3.616090566017146921e+04
-3.616090566017143283e+04
-3.616090566017145466e+04
-3.616090566017145466e+04
-3.616090566017145466e+04
-3.616090566017144010e+04
-3.616090566017144738e+04
-3.616090566017141828e+04
-3.616090566017141828e+04
-3.616090566017141100e+04
-3.616090566017139645e+04
-3.616090566017149104e+04
-3.616090566017146193e+04
-3.616090566017145466e+04
-3.616090566017144010e+04
-3.616090566017146921e+04
-3.616090566017146193e+04
-3.616090566017149104e+04
-3.616090566017150559e+04
-3.616090566017149104e+04
-3.616090566017149831e+04
-3.616090566017147648e+04
-3.616090566017149831e+04
-3.616090566017148376e+04
-3.616090566017140372e+04
-3.616090566017142555e+04
-3.616090566017138917e+04
-3.616090566017141828e+04
-3.616090566017142555e+04
-3.616090566017142555e+04
-3.616090566017142555e+04
-3.616090566017145466e+04
-3.616090566017146921e+04
-3.616090566017149104e+04
-3.616090566017151286e+04
-3.616090566017150559e+04
-3.616090566017152742e+04
-3.616090566017152014e+04
-3.616090566017153469e+04
-3.616090566017152014e+04
-3.616090566017157107e+04
-3.616090566017154924e+04
-3.616090566017157107e+04
-3.616090566017156380e+04
-3.616090566017155652e+04
-3.616090566017154197e+04
-3.616090566017152014e+04
-3.616090566017153469e+04
-3.616090566017150559e+04
-3.616090566017146921e+04
-3.616090566017144010e+04
-3.616090566017144010e+04
-3.616090566017143283e+04
-3.616090566017145466e+04
-3.616090566017145466e+04
-3.616090566017146193e+04
-3.616090566017147648e+04
-3.616090566017145466e+04
-3.616090566017146193e+04
-3.616090566017149104e+04
-3.616090566017149104e+04
-3.616090566017149104e+04
-3.616090566017149831e+04
-3.616090566017151286e+04
-3.616090566017152014e+04
-3.616090566017152014e+04
-3.616090566017154924e+04
-3.616090566017152014e+04
-3.616090566017152014e+04
-3.616090566017155652e+04
-3.616090566017153469e+04
-3.616090566017154197e+04
-3.616090566017154924e+04
-3.616090566017155652e+04
-3.616090566017155652e+04
-3.616090566017154197e+04
-3.616090566017156380e+04
-3.616090566017157835e+04
-3.616090566017155652e+04
-3.616090566017153469e+04
-3.616090566017152014e+04
-3.616090566017149104e+04
-3.616090566017149831e+04
-3.616090566017148376e+04
-3.616090566017150559e+04
-3.616090566017151286e+04
-3.616090566017152014e+04
-3.616090566017149104e+04
-3.616090566017152014e+04
-3.616090566017154197e+04
-3.616090566017152014e+04
-3.616090566017157107e+04
-3.616090566017155652e+04
-3.616090566017154924e+04
-3.616090566017155652e+04
-3.616090566017154197e+04
-3.616090566017154197e+04
-3.616090566017155652e+04
-3.616090566017154197e+04
-3.616090566017154197e+04
-3.616090566017154197e+04
-3.616090566017152014e+04
-3.616090566017150559e+04
-3.616090566017147648e+04
-3.616090566017148376e+04
-3.616090566017145466e+04
-3.616090566017144010e+04
-3.616090566017146921e+04
-3.616090566017145466e+04
-3.616090566017147648e+04
-3.616090566017149831e+04
-3.616090566017149104e+04
-3.616090566017149104e+04
-3.616090566017145466e+04
-3.616090566017149104e+04
-3.616090566017149104e+04
-3.616090566017150559e+04
-3.616090566017149831e+04
-3.616090566017149104e+04
-3.616090566017148376e+04
-3.616090566017149831e+04
-3.616090566017149831e+04
-3.616090566017153469e+04
-3.616090566017150559e+04
-3.616090566017150559e+04
-3.616090566017152014e+04
-3.616090566017152014e+04
-3.616090566017152014e+04
-3.616090566017150559e+04
-3.616090566017152014e+04
-3.616090566017154197e+04
-3.616090566017152014e+04
-3.616090566017152742e+04
-3.616090566017154197e+04
-3.616090566017154924e+04
-3.616090566017152014e+04
-3.616090566017147648e+04
-3.616090566017146193e+04
-3.616090566017152014e+04
-3.616090566017146921e+04
-3.616090566017151286e+04
-3.616090566017152014e+04
-3.616090566017149831e+04
-3.616090566017151286e+04
-3.616090566017149831e+04
-3.616090566017151286e+04
-3.616090566017152014e+04
-3.616090566017155652e+04
-3.616090566017154197e+04
-3.616090566017152742e+04
-3.616090566017151286e+04
-3.616090566017151286e+04
-3.616090566017147648e+04
-3.616090566017145466e+04
-3.616090566017146921e+04
-3.616090566017145466e+04
-3.616090566017144010e+04
-3.616090566017143283e+04
-3.616090566017145466e+04
-3.616090566017145466e+04
-3.616090566017145466e+04
-3.616090566017147648e+04
-3.616090566017147648e+04
-3.616090566017149104e+04
-3.616090566017147648e+04
-3.616090566017149104e+04
-3.616090566017149104e+04
-3.616090566017149831e+04
-3.616090566017149831e+04
-3.616090566017149104e+04
-3.616090566017153469e+04
-3.616090566017149831e+04
-3.616090566017143283e+04
-3.616090566017137462e+04
-3.616090566017134552e+04
-3.616090566017138917e+04
-3.616090566017136007e+04
-3.616090566017138190e+04
-3.616090566017139645e+04
-3.616090566017139645e+04
-3.616090566017139645e+04
-3.616090566017138917e+04
-3.616090566017135279e+04
-3.616090566017136007e+04
-3.616090566017133096e+04
-3.616090566017133096e+04
-3.616090566017134552e+04
-3.616090566017130914e+04
-3.616090566017134552e+04
-3.616090566017136007e+04
-3.616090566017133096e+04
-3.616090566017135279e+04
-3.616090566017133824e+04
-3.616090566017133096e+04
-3.616090566017134552e+04
-3.616090566017133096e+04
-3.616090566017135279e+04
-3.616090566017134552e+04
-3.616090566017133096e+04
-3.616090566017134552e+04
-3.616090566017135279e+04
-3.616090566017136734e+04
-3.616090566017133824e+04
-3.616090566017136734e+04
-3.616090566017138190e+04
-3.616090566017135279e+04
-3.616090566017135279e+04
-3.616090566017138917e+04
-3.616090566017137462e+04
-3.616090566017137462e+04
-3.616090566017137462e+04
-3.616090566017137462e+04
-3.616090566017136007e+04
-3.616090566017136734e+04
-3.616090566017137462e+04
-3.616090566017138917e+04
-3.616090566017137462e+04
-3.616090566017136007e+04
-3.616090566017135279e+04
-3.616090566017134552e+04
-3.616090566017133096e+04
-3.616090566017135279e+04
-3.616090566017133096e+04
-3.616090566017138190e+04
-3.616090566017130914e+04
-3.616090566017136734e+04
-3.616090566017134552e+04
-3.616090566017125093e+04
-3.616090566017132369e+04
-3.616090566017139645e+04
-3.616090566017146193e+04
-3.616090566017152742e+04
-3.616090566017159290e+04
-3.616090566017169476e+04
-3.616090566017162928e+04
-3.616090566017157835e+04
-3.616090566017161473e+04
-3.616090566017162200e+04
-3.616090566017160018e+04
-3.616090566017162200e+04
-3.616090566017160018e+04
-3.616090566017160018e+04
-3.616090566017164383e+04
-3.616090566017162928e+04
-3.616090566017162200e+04
-3.616090566017162200e+04
-3.616090566017162928e+04
-3.616090566017163655e+04
-3.616090566017162928e+04
-3.616090566017162200e+04
-3.616090566017163655e+04
-3.616090566017164383e+04
-3.616090566017165111e+04
-3.616090566017162200e+04
-3.616090566017164383e+04
-3.616090566017162200e+04
-3.616090566017164383e+04
-3.616090566017161473e+04
-3.616090566017164383e+04
-3.616090566017165111e+04
-3.616090566017164383e+04
-3.616090566017165111e+04
-3.616090566017166566e+04
-3.616090566017165111e+04
-3.616090566017164383e+04
-3.616090566017164383e+04
-3.616090566017162928e+04
-3.616090566017162928e+04
-3.616090566017163655e+04
-3.616090566017165111e+04
-3.616090566017162928e+04
-3.616090566017162928e+04
-3.616090566017163655e+04
-3.616090566017166566e+04
-3.616090566017163655e+04
-3.616090566017164383e+04
-3.616090566017166566e+04
-3.616090566017168021e+04
-3.616090566017170204e+04
-3.616090566017169476e+04
-3.616090566017170204e+04
-3.616090566017170931e+04
-3.616090566017169476e+04
-3.616090566017170204e+04
-3.616090566017167293e+04
-3.616090566017169476e+04
-3.616090566017170204e+04
-3.616090566017170931e+04
-3.616090566017170204e+04
-3.616090566017170204e+04
-3.616090566017170931e+04
-3.616090566017170931e+04
-3.616090566017169476e+04
-3.616090566017171659e+04
-3.616090566017170204e+04
-3.616090566017170931e+04
-3.616090566017172387e+04
-3.616090566017173842e+04
-3.616090566017176752e+04
-3.616090566017178935e+04
-3.616090566017176025e+04
-3.616090566017176752e+04
-3.616090566017175297e+04
-3.616090566017178207e+04
-3.616090566017174569e+04
-3.616090566017176025e+04
-3.616090566017176752e+04
-3.616090566017176025e+04
-3.616090566017178935e+04
-3.616090566017178207e+04
-3.616090566017177480e+04
-3.616090566017178935e+04
-3.616090566017178935e+04
-3.616090566017178935e+04
-3.616090566017180390e+04
-3.616090566017178935e+04
-3.616090566017176752e+04
-3.616090566017176025e+04
-3.616090566017177480e+04
-3.616090566017176752e+04
-3.616090566017176025e+04
-3.616090566017176025e+04
-3.616090566017178207e+04
-3.616090566017176025e+04
-3.616090566017178935e+04
-3.616090566017176752e+04
-3.616090566017178935e+04
-3.616090566017178935e+04
-3.616090566017179663e+04
-3.616090566017176752e+04
-3.616090566017178935e+04
-3.616090566017177480e+04
-3.616090566017177480e+04
