-6.759092019547082373e+02
-6.759092019104664359e+02
-6.759092019060074108e+02
-6.759092019049170403e+02
-6.759092019045230018e+02
-6.759092019043436039e+02
-6.759092019042468564e+02
-6.759092019041867161e+02
-6.759092019041448793e+02
-6.759092019041130470e+02
-6.759092019040864443e+02
-6.759092019040627974e+02
-6.759092019040413106e+02
-6.759092019040208470e+02
-6.759092019040016339e+02
-6.759092019039824208e+02
-6.759092019039636625e+02
-6.759092019039451316e+02
-6.759092019039283059e+02
-6.759092019039121624e+02
-6.759092019038973831e+02
-6.759092019038831722e+02
-6.759092019038704393e+02
-6.759092019038582748e+02
-6.759092019038473609e+02
-6.759092019038380386e+02
-6.759092019038300805e+02
-6.759092019038234866e+02
-6.759092019038188255e+02
-6.759092019038155286e+02
-6.759092019038141643e+02
-6.759092019038142780e+02
-6.759092019038159833e+02
-6.759092019038190529e+02
-6.759092019038246235e+02
-6.759092019038309900e+02
-6.759092019038388344e+02
-6.759092019038479293e+02
-6.759092019038582748e+02
-6.759092019038702119e+02
-6.759092019038831722e+02
-6.759092019038973831e+02
-6.759092019039112529e+02
-6.759092019039262595e+02
-6.759092019039408115e+02
-6.759092019039567276e+02
-6.759092019039726438e+02
-6.759092019039889010e+02
-6.759092019040049308e+02
-6.759092019040208470e+02
-6.759092019040366495e+02
-6.759092019040510877e+02
-6.759092019040649575e+02
-6.759092019040774630e+02
-6.759092019040891728e+02
-6.759092019040996320e+02
-6.759092019041090680e+02
-6.759092019041180492e+02
-6.759092019041249841e+02
-6.759092019041303274e+02
-6.759092019041344201e+02
-6.759092019041364665e+02
-6.759092019041371486e+02
-6.759092019041354433e+02
-6.759092019041326012e+02
-6.759092019041285084e+02
-6.759092019041229378e+02
-6.759092019041161166e+02
-6.759092019041074764e+02
-6.759092019040975856e+02
-6.759092019040862169e+02
-6.759092019040734840e+02
-6.759092019040606374e+02
-6.759092019040464265e+02
-6.759092019040317609e+02
-6.759092019040153900e+02
-6.759092019039999286e+02
-6.759092019039835577e+02
-6.759092019039671868e+02
-6.759092019039500201e+02
-6.759092019039341039e+02
-6.759092019039184152e+02
-6.759092019039035222e+02
-6.759092019038890840e+02
-6.759092019038755552e+02
-6.759092019038631634e+02
-6.759092019038514536e+02
-6.759092019038413355e+02
-6.759092019038328090e+02
-6.759092019038255330e+02
-6.759092019038193939e+02
-6.759092019038151875e+02
-6.759092019038125727e+02
-6.759092019038113222e+02
-6.759092019038116632e+02
-6.759092019038139370e+02
-6.759092019038176886e+02
-6.759092019038231456e+02
-6.759092019038299668e+02
-6.759092019038378112e+02
-6.759092019038466788e+02
-6.759092019038574790e+02
-6.759092019038693024e+02
-6.759092019038823764e+02
-6.759092019038957915e+02
-6.759092019039103434e+02
-6.759092019039260322e+02
-6.759092019039419483e+02
-6.759092019039580919e+02
-6.759092019039742354e+02
-6.759092019039907200e+02
-6.759092019040062951e+02
-6.759092019040220976e+02
-6.759092019040374453e+02
-6.759092019040532477e+02
-6.759092019040683681e+02
-6.759092019040800778e+02
-6.759092019040923560e+02
-6.759092019041031563e+02
-6.759092019041123649e+02
-6.759092019041199819e+02
-6.759092019041268031e+02
-6.759092019041316917e+02
-6.759092019041348749e+02
-6.759092019041371486e+02
-6.759092019041373760e+02
-6.759092019041363528e+02
-6.759092019041331696e+02
-6.759092019041288495e+02
-6.759092019041228241e+02
-6.759092019041155481e+02
-6.759092019041063395e+02
-6.759092019040962214e+02
-6.759092019040847390e+02
-6.759092019040720061e+02
-6.759092019040581363e+02
-6.759092019040434707e+02
-6.759092019040286914e+02
-6.759092019040131163e+02
-6.759092019039970864e+02
-6.759092019039807155e+02
-6.759092019039646857e+02
-6.759092019039482011e+02
-6.759092019039330808e+02
-6.759092019039181878e+02
-6.759092019039039769e+02
-6.759092019038897661e+02
-6.759092019038766921e+02
-6.759092019038643002e+02
-6.759092019038530452e+02
-6.759092019038432682e+02
-6.759092019038347416e+02
-6.759092019038278067e+02
-6.759092019038221224e+02
-6.759092019038178023e+02
-6.759092019038156423e+02
-6.759092019038149601e+02
-6.759092019038155286e+02
-6.759092019038176886e+02
-6.759092019038216677e+02
-6.759092019038272383e+02
-6.759092019038342869e+02
-6.759092019038428134e+02
-6.759092019038525905e+02
-6.759092019038629360e+02
-6.759092019038747594e+02
-6.759092019038873786e+02
-6.759092019039011348e+02
-6.759092019039163688e+02
-6.759092019039316028e+02
-6.759092019039471779e+02
-6.759092019039633215e+02
-6.759092019039795787e+02
-6.759092019039954948e+02
-6.759092019040115247e+02
-6.759092019040274408e+02
-6.759092019040424475e+02
-6.759092019040567720e+02
-6.759092019040705281e+02
-6.759092019040830337e+02
-6.759092019040948571e+02
-6.759092019041052026e+02
-6.759092019041141839e+02
-6.759092019041220283e+02
-6.759092019041286221e+02
-6.759092019041330559e+02
-6.759092019041365802e+02
-6.759092019041381718e+02
-6.759092019041379444e+02
-6.759092019041360118e+02
-6.759092019041328285e+02
-6.759092019041282811e+02
-6.759092019041219146e+02
-6.759092019041140702e+02
-6.759092019041046342e+02
-6.759092019040941750e+02
-6.759092019040828063e+02
-6.759092019040701871e+02
-6.759092019040564310e+02
-6.759092019040422201e+02
-6.759092019040268724e+02
-6.759092019040112973e+02
-6.759092019039950401e+02
-6.759092019039790102e+02
-6.759092019039629804e+02
-6.759092019039470642e+02
-6.759092019039308070e+02
-6.759092019039156867e+02
-6.759092019039013621e+02
-6.759092019038876060e+02
-6.759092019038745320e+02
-6.759092019038625949e+02
-6.759092019038515673e+02
-6.759092019038420176e+02
-6.759092019038333774e+02
-6.759092019038268973e+02
-6.759092019038213266e+02
-6.759092019038175749e+02
-6.759092019038151875e+02
-6.759092019038146191e+02
-6.759092019038153012e+02
-6.759092019038180297e+02
-6.759092019038226908e+02
-6.759092019038278067e+02
-6.759092019038350827e+02
-6.759092019038439503e+02
-6.759092019038536137e+02
-6.759092019038646413e+02
-6.759092019038773742e+02
-6.759092019038905619e+02
-6.759092019039046590e+02
-6.759092019039193246e+02
-6.759092019039350134e+02
-6.759092019039508159e+02
-6.759092019039668457e+02
-6.759092019039829893e+02
-6.759092019039987917e+02
-6.759092019040145942e+02
-6.759092019040302830e+02
-6.759092019040454034e+02
-6.759092019040596142e+02
-6.759092019040730293e+02
-6.759092019040857622e+02
-6.759092019040971309e+02
-6.759092019041073627e+02
-6.759092019041162303e+02
-6.759092019041237336e+02
-6.759092019041298727e+02
-6.759092019041343065e+02
-6.759092019041372623e+02
-6.759092019041385129e+02
-6.759092019041382855e+02
-6.759092019041361254e+02
-6.759092019041327148e+02
-6.759092019041275989e+02
-6.759092019041211188e+02
-6.759092019041129333e+02
-6.759092019041034973e+02
-6.759092019040926971e+02
-6.759092019040813284e+02
-6.759092019040682544e+02
-6.759092019040547257e+02
-6.759092019040400601e+02
-6.759092019040249397e+02
-6.759092019040091373e+02
-6.759092019039933348e+02
-6.759092019039771913e+02
-6.759092019039608203e+02
-6.759092019039446768e+02
-6.759092019039291017e+02
-6.759092019039143224e+02
-6.759092019038994295e+02
-6.759092019038852186e+02
-6.759092019038724857e+02
-6.759092019038611170e+02
-6.759092019038503167e+02
-6.759092019038405397e+02
-6.759092019038328090e+02
-6.759092019038264425e+02
-6.759092019038206445e+02
-6.759092019038174612e+02
-6.759092019038158696e+02
-6.759092019038153012e+02
-6.759092019038164381e+02
-6.759092019038198487e+02
-6.759092019038236003e+02
-6.759092019038298531e+02
-6.759092019038375838e+02
-6.759092019038455419e+02
-6.759092019038564558e+02
-6.759092019038677108e+02
-6.759092019038799890e+02
-6.759092019038939725e+02
-6.759092019039077286e+02
-6.759092019039231900e+02
-6.759092019039385377e+02
-6.759092019039542265e+02
-6.759092019039709385e+02
-6.759092019039862862e+02
-6.759092019040031118e+02
