-2.698861174092271995e+03
-2.698861174105284590e+03
-2.698861174106493308e+03
-2.698861174106771159e+03
-2.698861174106863018e+03
-2.698861174106895305e+03
-2.698861174106902581e+03
-2.698861174106899398e+03
-2.698861174106887574e+03
-2.698861174106873023e+03
-2.698861174106857106e+03
-2.698861174106837097e+03
-2.698861174106816634e+03
-2.698861174106792987e+03
-2.698861174106769340e+03
-2.698861174106746148e+03
-2.698861174106721592e+03
-2.698861174106696126e+03
-2.698861174106673843e+03
-2.698861174106650651e+03
-2.698861174106628823e+03
-2.698861174106608814e+03
-2.698861174106590170e+03
-2.698861174106572889e+03
-2.698861174106557428e+03
-2.698861174106543331e+03
-2.698861174106533781e+03
-2.698861174106524231e+03
-2.698861174106516501e+03
-2.698861174106511044e+03
-2.698861174106511044e+03
-2.698861174106511044e+03
-2.698861174106513772e+03
-2.698861174106519229e+03
-2.698861174106526050e+03
-2.698861174106536509e+03
-2.698861174106549242e+03
-2.698861174106563340e+03
-2.698861174106579256e+03
-2.698861174106597446e+03
-2.698861174106617000e+03
-2.698861174106638373e+03
-2.698861174106662020e+03
-2.698861174106685212e+03
-2.698861174106708404e+03
-2.698861174106732506e+03
-2.698861174106757062e+03
-2.698861174106782073e+03
-2.698861174106805265e+03
-2.698861174106829822e+03
-2.698861174106853014e+03
-2.698861174106875296e+03
-2.698861174106895305e+03
-2.698861174106915769e+03
-2.698861174106933504e+03
-2.698861174106949420e+03
-2.698861174106962608e+03
-2.698861174106972612e+03
-2.698861174106982162e+03
-2.698861174106990347e+03
-2.698861174106995350e+03
-2.698861174106998533e+03
-2.698861174106998533e+03
-2.698861174106997169e+03
-2.698861174106992166e+03
-2.698861174106985800e+03
-2.698861174106975795e+03
-2.698861174106964427e+03
-2.698861174106950784e+03
-2.698861174106936232e+03
-2.698861174106919407e+03
-2.698861174106898488e+03
-2.698861174106875296e+03
-2.698861174106852559e+03
-2.698861174106830276e+03
-2.698861174106806629e+03
-2.698861174106783437e+03
-2.698861174106759336e+03
-2.698861174106736144e+03
-2.698861174106711132e+03
-2.698861174106687486e+03
-2.698861174106664748e+03
-2.698861174106642920e+03
-2.698861174106621547e+03
-2.698861174106600629e+03
-2.698861174106582894e+03
-2.698861174106565613e+03
-2.698861174106550607e+03
-2.698861174106536964e+03
-2.698861174106526505e+03
-2.698861174106518320e+03
-2.698861174106512408e+03
-2.698861174106508770e+03
-2.698861174106506496e+03
-2.698861174106507406e+03
-2.698861174106511044e+03
-2.698861174106516501e+03
-2.698861174106524231e+03
-2.698861174106534691e+03
-2.698861174106546514e+03
-2.698861174106560611e+03
-2.698861174106576982e+03
-2.698861174106594717e+03
-2.698861174106614726e+03
-2.698861174106636099e+03
-2.698861174106658382e+03
-2.698861174106681574e+03
-2.698861174106705221e+03
-2.698861174106728413e+03
-2.698861174106754333e+03
-2.698861174106777980e+03
-2.698861174106802537e+03
-2.698861174106826184e+03
-2.698861174106848921e+03
-2.698861174106871204e+03
-2.698861174106891212e+03
-2.698861174106912131e+03
-2.698861174106928956e+03
-2.698861174106943963e+03
-2.698861174106958060e+03
-2.698861174106969884e+03
-2.698861174106980343e+03
-2.698861174106986255e+03
-2.698861174106991257e+03
-2.698861174106993076e+03
-2.698861174106993531e+03
-2.698861174106991257e+03
-2.698861174106985800e+03
-2.698861174106979433e+03
-2.698861174106969884e+03
-2.698861174106959425e+03
-2.698861174106945782e+03
-2.698861174106931685e+03
-2.698861174106913950e+03
-2.698861174106894850e+03
-2.698861174106874842e+03
-2.698861174106853468e+03
-2.698861174106830276e+03
-2.698861174106806629e+03
-2.698861174106782073e+03
-2.698861174106758426e+03
-2.698861174106733870e+03
-2.698861174106709313e+03
-2.698861174106686121e+03
-2.698861174106662475e+03
-2.698861174106639737e+03
-2.698861174106619274e+03
-2.698861174106598810e+03
-2.698861174106581529e+03
-2.698861174106564704e+03
-2.698861174106550607e+03
-2.698861174106536964e+03
-2.698861174106527415e+03
-2.698861174106519229e+03
-2.698861174106512863e+03
-2.698861174106510134e+03
-2.698861174106508770e+03
-2.698861174106510589e+03
-2.698861174106514227e+03
-2.698861174106520593e+03
-2.698861174106529688e+03
-2.698861174106539238e+03
-2.698861174106552880e+03
-2.698861174106566068e+03
-2.698861174106582439e+03
-2.698861174106601993e+03
-2.698861174106621093e+03
-2.698861174106642920e+03
-2.698861174106664294e+03
-2.698861174106687486e+03
-2.698861174106711587e+03
-2.698861174106736144e+03
-2.698861174106760245e+03
-2.698861174106784347e+03
-2.698861174106808448e+03
-2.698861174106832095e+03
-2.698861174106853923e+03
-2.698861174106875296e+03
-2.698861174106896215e+03
-2.698861174106913950e+03
-2.698861174106931685e+03
-2.698861174106947601e+03
-2.698861174106959425e+03
-2.698861174106972157e+03
-2.698861174106980798e+03
-2.698861174106987619e+03
-2.698861174106992621e+03
-2.698861174106993076e+03
-2.698861174106994895e+03
-2.698861174106990802e+03
-2.698861174106986255e+03
-2.698861174106978524e+03
-2.698861174106968974e+03
-2.698861174106957151e+03
-2.698861174106943963e+03
-2.698861174106927592e+03
-2.698861174106909857e+03
-2.698861174106889848e+03
-2.698861174106869385e+03
-2.698861174106848011e+03
-2.698861174106825274e+03
-2.698861174106801627e+03
-2.698861174106777980e+03
-2.698861174106752060e+03
-2.698861174106728868e+03
-2.698861174106703857e+03
-2.698861174106682029e+03
-2.698861174106657927e+03
-2.698861174106636099e+03
-2.698861174106616545e+03
-2.698861174106596081e+03
-2.698861174106579256e+03
-2.698861174106561975e+03
-2.698861174106547878e+03
-2.698861174106536509e+03
-2.698861174106524231e+03
-2.698861174106517410e+03
-2.698861174106512408e+03
-2.698861174106507406e+03
-2.698861174106509225e+03
-2.698861174106509225e+03
-2.698861174106513317e+03
-2.698861174106521503e+03
-2.698861174106528779e+03
-2.698861174106539693e+03
-2.698861174106554245e+03
-2.698861174106567432e+03
-2.698861174106584713e+03
-2.698861174106605176e+03
-2.698861174106624276e+03
-2.698861174106643830e+03
-2.698861174106668386e+03
-2.698861174106691124e+03
-2.698861174106712497e+03
-2.698861174106738872e+03
-2.698861174106763883e+03
-2.698861174106786166e+03
-2.698861174106809813e+03
-2.698861174106835279e+03
-2.698861174106857106e+03
-2.698861174106875751e+03
-2.698861174106897124e+03
-2.698861174106917588e+03
-2.698861174106933959e+03
-2.698861174106946237e+03
-2.698861174106961244e+03
-2.698861174106973976e+03
-2.698861174106981252e+03
-2.698861174106984890e+03
-2.698861174106992621e+03
-2.698861174106995350e+03
-2.698861174106993531e+03
-2.698861174106987164e+03
-2.698861174106984436e+03
-2.698861174106977160e+03
-2.698861174106966246e+03
-2.698861174106952603e+03
-2.698861174106936232e+03
-2.698861174106923499e+03
-2.698861174106906219e+03
-2.698861174106885301e+03
-2.698861174106862563e+03
-2.698861174106842100e+03
-2.698861174106820272e+03
-2.698861174106797080e+03
-2.698861174106772069e+03
-2.698861174106744784e+03
-2.698861174106722956e+03
-2.698861174106701128e+03
-2.698861174106677936e+03
-2.698861174106654289e+03
-2.698861174106628823e+03
-2.698861174106610179e+03
-2.698861174106593353e+03
-2.698861174106576073e+03
-2.698861174106559702e+03
-2.698861174106543331e+03
-2.698861174106529234e+03
-2.698861174106523322e+03
-2.698861174106516955e+03
-2.698861174106511953e+03
-2.698861174106507860e+03
-2.698861174106506041e+03
-2.698861174106506951e+03
-2.698861174106514682e+03
-2.698861174106522867e+03
-2.698861174106532417e+03
-2.698861174106542876e+03
-2.698861174106554245e+03
-2.698861174106566523e+03
-2.698861174106586986e+03
-2.698861174106608360e+03
-2.698861174106629278e+03
-2.698861174106650196e+03
-2.698861174106670660e+03
-2.698861174106691578e+03
-2.698861174106716135e+03
-2.698861174106742965e+03
-2.698861174106768885e+03
-2.698861174106793442e+03
