-6.755082187496612960e+02
-6.755082187496323058e+02
-6.755082187496313963e+02
-6.755082187496313963e+02
-6.755082187496315100e+02
-6.755082187496315100e+02
-6.755082187496315100e+02
-6.755082187496312827e+02
-6.755082187496313963e+02
-6.755082187496315100e+02
-6.755082187496315100e+02
-6.755082187496313963e+02
-6.755082187496317374e+02
-6.755082187496317374e+02
-6.755082187496319648e+02
-6.755082187496319648e+02
-6.755082187496320785e+02
-6.755082187496323058e+02
-6.755082187496320785e+02
-6.755082187496319648e+02
-6.755082187496319648e+02
-6.755082187496319648e+02
-6.755082187496320785e+02
-6.755082187496320785e+02
-6.755082187496321922e+02
-6.755082187496323058e+02
-6.755082187496319648e+02
-6.755082187496324195e+02
-6.755082187496323058e+02
-6.755082187496324195e+02
-6.755082187496325332e+02
-6.755082187496332153e+02
-6.755082187496329880e+02
-6.755082187496331017e+02
-6.755082187496331017e+02
-6.755082187496329880e+02
-6.755082187496331017e+02
-6.755082187496331017e+02
-6.755082187496329880e+02
-6.755082187496331017e+02
-6.755082187496329880e+02
-6.755082187496332153e+02
-6.755082187496329880e+02
-6.755082187496332153e+02
-6.755082187496333290e+02
-6.755082187496331017e+02
-6.755082187496332153e+02
-6.755082187496331017e+02
-6.755082187496333290e+02
-6.755082187496332153e+02
-6.755082187496331017e+02
-6.755082187496329880e+02
-6.755082187496334427e+02
-6.755082187496332153e+02
-6.755082187496328743e+02
-6.755082187496328743e+02
-6.755082187496329880e+02
-6.755082187496333290e+02
-6.755082187496333290e+02
-6.755082187496331017e+02
-6.755082187496329880e+02
-6.755082187496332153e+02
-6.755082187496335564e+02
-6.755082187496338975e+02
-6.755082187496337838e+02
-6.755082187496335564e+02
-6.755082187496334427e+02
-6.755082187496337838e+02
-6.755082187496336701e+02
-6.755082187496331017e+02
-6.755082187496328743e+02
-6.755082187496331017e+02
-6.755082187496334427e+02
-6.755082187496335564e+02
-6.755082187496334427e+02
-6.755082187496337838e+02
-6.755082187496335564e+02
-6.755082187496336701e+02
-6.755082187496334427e+02
-6.755082187496341248e+02
-6.755082187496338975e+02
-6.755082187496337838e+02
-6.755082187496340111e+02
-6.755082187496338975e+02
-6.755082187496333290e+02
-6.755082187496333290e+02
-6.755082187496332153e+02
-6.755082187496328743e+02
-6.755082187496331017e+02
-6.755082187496328743e+02
-6.755082187496328743e+02
-6.755082187496333290e+02
-6.755082187496332153e+02
-6.755082187496332153e+02
-6.755082187496332153e+02
-6.755082187496329880e+02
-6.755082187496329880e+02
-6.755082187496332153e+02
-6.755082187496328743e+02
-6.755082187496327606e+02
-6.755082187496333290e+02
-6.755082187496332153e+02
-6.755082187496333290e+02
-6.755082187496332153e+02
-6.755082187496332153e+02
-6.755082187496332153e+02
-6.755082187496328743e+02
-6.755082187496329880e+02
-6.755082187496328743e+02
-6.755082187496328743e+02
-6.755082187496327606e+02
-6.755082187496326469e+02
-6.755082187496326469e+02
-6.755082187496327606e+02
-6.755082187496326469e+02
-6.755082187496324195e+02
-6.755082187496324195e+02
-6.755082187496325332e+02
-6.755082187496324195e+02
-6.755082187496324195e+02
-6.755082187496321922e+02
-6.755082187496321922e+02
-6.755082187496320785e+02
-6.755082187496319648e+02
-6.755082187496320785e+02
-6.755082187496320785e+02
-6.755082187496317374e+02
-6.755082187496318511e+02
-6.755082187496317374e+02
-6.755082187496317374e+02
-6.755082187496313963e+02
-6.755082187496317374e+02
-6.755082187496316237e+02
-6.755082187496315100e+02
-6.755082187496311690e+02
-6.755082187496316237e+02
-6.755082187496313963e+02
-6.755082187496312827e+02
-6.755082187496313963e+02
-6.755082187496311690e+02
-6.755082187496311690e+02
-6.755082187496310553e+02
-6.755082187496312827e+02
-6.755082187496315100e+02
-6.755082187496312827e+02
-6.755082187496312827e+02
-6.755082187496318511e+02
-6.755082187496312827e+02
-6.755082187496312827e+02
-6.755082187496312827e+02
-6.755082187496312827e+02
-6.755082187496312827e+02
-6.755082187496313963e+02
-6.755082187496313963e+02
-6.755082187496312827e+02
-6.755082187496311690e+02
-6.755082187496311690e+02
-6.755082187496311690e+02
-6.755082187496309416e+02
-6.755082187496311690e+02
-6.755082187496309416e+02
-6.755082187496311690e+02
-6.755082187496310553e+02
-6.755082187496310553e+02
-6.755082187496309416e+02
-6.755082187496308279e+02
-6.755082187496306005e+02
-6.755082187496306005e+02
-6.755082187496303732e+02
-6.755082187496302595e+02
-6.755082187496302595e+02
-6.755082187496301458e+02
-6.755082187496302595e+02
-6.755082187496302595e+02
-6.755082187496302595e+02
-6.755082187496301458e+02
-6.755082187496302595e+02
-6.755082187496301458e+02
-6.755082187496303732e+02
-6.755082187496300321e+02
-6.755082187496301458e+02
-6.755082187496304869e+02
-6.755082187496304869e+02
-6.755082187496309416e+02
-6.755082187496308279e+02
-6.755082187496307142e+02
-6.755082187496307142e+02
-6.755082187496308279e+02
-6.755082187496307142e+02
-6.755082187496304869e+02
-6.755082187496306005e+02
-6.755082187496307142e+02
-6.755082187496304869e+02
-6.755082187496304869e+02
-6.755082187496304869e+02
-6.755082187496302595e+02
-6.755082187496301458e+02
-6.755082187496299184e+02
-6.755082187496300321e+02
-6.755082187496300321e+02
-6.755082187496298047e+02
-6.755082187496298047e+02
-6.755082187496299184e+02
-6.755082187496299184e+02
-6.755082187496299184e+02
-6.755082187496296910e+02
-6.755082187496298047e+02
-6.755082187496296910e+02
-6.755082187496300321e+02
-6.755082187496301458e+02
-6.755082187496300321e+02
-6.755082187496300321e+02
-6.755082187496299184e+02
-6.755082187496300321e+02
-6.755082187496300321e+02
-6.755082187496298047e+02
-6.755082187496298047e+02
-6.755082187496295774e+02
-6.755082187496296910e+02
-6.755082187496296910e+02
-6.755082187496298047e+02
-6.755082187496296910e+02
-6.755082187496296910e+02
-6.755082187496295774e+02
-6.755082187496298047e+02
-6.755082187496298047e+02
-6.755082187496295774e+02
-6.755082187496296910e+02
-6.755082187496294637e+02
-6.755082187496291226e+02
-6.755082187496288952e+02
-6.755082187496291226e+02
-6.755082187496288952e+02
-6.755082187496287816e+02
-6.755082187496288952e+02
-6.755082187496285542e+02
-6.755082187496284405e+02
-6.755082187496285542e+02
-6.755082187496283268e+02
-6.755082187496283268e+02
-6.755082187496286679e+02
-6.755082187496285542e+02
-6.755082187496286679e+02
-6.755082187496286679e+02
-6.755082187496285542e+02
-6.755082187496285542e+02
-6.755082187496284405e+02
-6.755082187496284405e+02
-6.755082187496284405e+02
-6.755082187496286679e+02
-6.755082187496284405e+02
-6.755082187496284405e+02
-6.755082187496283268e+02
-6.755082187496282131e+02
-6.755082187496283268e+02
-6.755082187496283268e+02
-6.755082187496285542e+02
-6.755082187496283268e+02
-6.755082187496283268e+02
-6.755082187496285542e+02
-6.755082187496284405e+02
-6.755082187496283268e+02
-6.755082187496282131e+02
-6.755082187496284405e+02
-6.755082187496280994e+02
-6.755082187496283268e+02
-6.755082187496282131e+02
-6.755082187496280994e+02
-6.755082187496282131e+02
-6.755082187496279857e+02
-6.755082187496280994e+02
-6.755082187496283268e+02
-6.755082187496282131e+02
-6.755082187496279857e+02
-6.755082187496280994e+02
-6.755082187496280994e+02
-6.755082187496280994e+02
-6.755082187496282131e+02
-6.755082187496282131e+02
-6.755082187496283268e+02
-6.755082187496278721e+02
-6.755082187496280994e+02
-6.755082187496279857e+02
-6.755082187496278721e+02
-6.755082187496279857e+02
-6.755082187496280994e+02
-6.755082187496277584e+02
-6.755082187496276447e+02
-6.755082187496276447e+02
-6.755082187496275310e+02
-6.755082187496271899e+02
-6.755082187496270762e+02
-6.755082187496273036e+02
-6.755082187496274173e+02
-6.755082187496273036e+02
-6.755082187496270762e+02
-6.755082187496271899e+02
-6.755082187496273036e+02
-6.755082187496274173e+02
-6.755082187496273036e+02
